,PlayerID,Player,Team,Position,Headshot,Team Logo,playerStripped,Age,Date of Birth,Birth City,Birth State/Province,Birth Country,Nationality,Height (in),Weight (lbs),Draft Year,Draft Team,Draft Round,Round Pick,Overall Draft Position
0,8470600,Ryan Suter,MIN,D,https://assets.nhle.com/mugs/nhl/20182019/MIN/8470600.png,https://assets.nhle.com/logos/nhl/svg/MIN_light.svg,ryansuter,38,1985-01-21,Madison,WI,USA,USA,73,205,2003,NSH,1,7,7
1,8474563,Drew Doughty,LAK,D,https://assets.nhle.com/mugs/nhl/20182019/LAK/8474563.png,https://assets.nhle.com/logos/nhl/svg/LAK_20112012-20182019_light.svg,drewdoughty,34,1989-12-08,London,ON,CAN,CAN,73,210,2008,L.A,1,2,2
2,8471724,Kris Letang,PIT,D,https://assets.nhle.com/mugs/nhl/20182019/PIT/8471724.png,https://assets.nhle.com/logos/nhl/svg/PIT_light.svg,krisletang,36,1987-04-24,Montreal,QC,CAN,CAN,72,201,2005,PIT,3,1,62
3,8477495,Seth Jones,CBJ,D,https://assets.nhle.com/mugs/nhl/20182019/CBJ/8477495.png,https://assets.nhle.com/logos/nhl/svg/CBJ_light.svg,sethjones,29,1994-10-03,Arlington,TX,USA,USA,76,213,2013,NSH,1,4,4
4,8474600,Roman Josi,NSH,D,https://assets.nhle.com/mugs/nhl/20182019/NSH/8474600.png,https://assets.nhle.com/logos/nhl/svg/NSH_light.svg,romanjosi,33,1990-06-01,Bern,,CHE,CHE,73,201,2008,NSH,2,8,38
5,8478500,Ivan Provorov,PHI,D,https://assets.nhle.com/mugs/nhl/20182019/PHI/8478500.png,https://assets.nhle.com/logos/nhl/svg/PHI_19992000-20222023_light.svg,ivanprovorov,26,1997-01-13,Yaroslavl,,RUS,RUS,73,201,2015,PHI,1,7,7
6,8470613,Brent Burns,SJS,D,https://assets.nhle.com/mugs/nhl/20182019/SJS/8470613.png,https://assets.nhle.com/logos/nhl/svg/SJS_light.svg,brentburns,38,1985-03-09,Barrie,ON,CAN,CAN,77,230,2003,MIN,1,20,20
7,8474590,John Carlson,WSH,D,https://assets.nhle.com/mugs/nhl/20182019/WSH/8474590.png,https://assets.nhle.com/logos/nhl/svg/WSH_light.svg,johncarlson,33,1990-01-10,Natick,MA,USA,USA,75,215,2008,WSH,1,27,27
8,8477499,Rasmus Ristolainen,BUF,D,https://assets.nhle.com/mugs/nhl/20182019/BUF/8477499.png,https://assets.nhle.com/logos/nhl/svg/BUF_20102011-20192020_light.svg,rasmusristolainen,29,1994-10-27,Turku,,FIN,FIN,76,221,2013,BUF,1,8,8
9,8471303,Alexander Edler,VAN,D,https://assets.nhle.com/mugs/nhl/20182019/VAN/8471303.png,https://assets.nhle.com/logos/nhl/svg/VAN_20072008-20182019_light.svg,alexedler,37,1986-04-21,Ostersund,,SWE,SWE,76,210,2004,VAN,3,26,91
10,8475906,John Klingberg,DAL,D,https://assets.nhle.com/mugs/nhl/20182019/DAL/8475906.png,https://assets.nhle.com/logos/nhl/svg/DAL_20122013-20202021_light.svg,johnklingberg,31,1992-08-14,Gothenburg,,SWE,SWE,75,190,2010,DAL,5,11,131
11,8474578,Erik Karlsson,SJS,D,https://assets.nhle.com/mugs/nhl/20182019/SJS/8474578.png,https://assets.nhle.com/logos/nhl/svg/SJS_light.svg,erikkarlsson,33,1990-05-31,Landsbro,,SWE,SWE,72,190,2008,OTT,1,15,15
12,8470834,Dustin Byfuglien,WPG,D,https://assets.nhle.com/mugs/nhl/20182019/WPG/8470834.png,https://assets.nhle.com/logos/nhl/svg/WPG_light.svg,dustinbyfuglien,38,1985-03-27,Roseau,MN,USA,USA,77,260,2003,CHI,8,16,245
13,8476902,Esa Lindell,DAL,D,https://assets.nhle.com/mugs/nhl/20182019/DAL/8476902.png,https://assets.nhle.com/logos/nhl/svg/DAL_20122013-20202021_light.svg,esalindell,29,1994-05-23,Vantaa,,FIN,FIN,75,220,2012,DAL,3,13,74
14,8478469,Thomas Chabot,OTT,D,https://assets.nhle.com/mugs/nhl/20182019/OTT/8478469.png,https://assets.nhle.com/logos/nhl/svg/OTT_20072008-20192020_light.svg,thomaschabot,26,1997-01-30,Sainte-Marie,QC,CAN,CAN,74,195,2015,OTT,1,18,18
15,8470966,Mark Giordano,CGY,D,https://assets.nhle.com/mugs/nhl/20182019/CGY/8470966.png,https://assets.nhle.com/logos/nhl/svg/CGY_19941995-20192020_light.svg,markgiordano,40,1983-10-03,Toronto,ON,CAN,CAN,72,205,-,-,-,-,-
16,8474716,Jared Spurgeon,MIN,D,https://assets.nhle.com/mugs/nhl/20182019/MIN/8474716.png,https://assets.nhle.com/logos/nhl/svg/MIN_light.svg,jaredspurgeon,34,1989-11-29,Edmonton,AB,CAN,CAN,69,166,2008,NYI,6,5,156
17,8474565,Alex Pietrangelo,STL,D,https://assets.nhle.com/mugs/nhl/20182019/STL/8474565.png,https://assets.nhle.com/logos/nhl/svg/STL_light.svg,alexpietrangelo,33,1990-01-18,King City,ON,CAN,CAN,75,215,2008,STL,1,4,4
18,8475176,Ryan Ellis,NSH,D,https://assets.nhle.com/mugs/nhl/20182019/NSH/8475176.png,https://assets.nhle.com/logos/nhl/svg/NSH_light.svg,ryanellis,32,1991-01-03,Hamilton,ON,CAN,CAN,70,180,2009,NSH,1,11,11
19,8476854,Hampus Lindholm,ANA,D,https://assets.nhle.com/mugs/nhl/20182019/ANA/8476854.png,https://assets.nhle.com/logos/nhl/svg/ANA_20132014-20232024_light.svg,hampuslindholm,29,1994-01-20,Helsingborg,,SWE,SWE,76,215,2012,ANA,1,6,6
20,8476472,Oscar Klefbom,EDM,D,https://assets.nhle.com/mugs/nhl/20182019/EDM/8476472.png,https://assets.nhle.com/logos/nhl/svg/EDM_20172018-20212022_light.svg,oscarklefbom,30,1993-07-20,Karlstad,,SWE,SWE,75,216,2011,EDM,1,19,19
21,8477498,Darnell Nurse,EDM,D,https://assets.nhle.com/mugs/nhl/20182019/EDM/8477498.png,https://assets.nhle.com/logos/nhl/svg/EDM_20172018-20212022_light.svg,darnellnurse,28,1995-02-04,Hamilton,ON,CAN,CAN,76,221,2013,EDM,1,7,7
22,8477932,Aaron Ekblad,FLA,D,https://assets.nhle.com/mugs/nhl/20182019/FLA/8477932.png,https://assets.nhle.com/logos/nhl/svg/FLA_light.svg,aaronekblad,27,1996-02-07,Windsor,ON,CAN,CAN,76,215,2014,FLA,1,1,1
23,8475171,Oliver Ekman-Larsson,ARI,D,https://assets.nhle.com/mugs/nhl/20182019/ARI/8475171.png,https://assets.nhle.com/logos/nhl/svg/ARI_20142015-20202021_light.svg,oliverekmanlarsson,32,1991-07-17,Karlskrona,,SWE,SWE,74,200,2009,PHX,1,6,6
24,8470642,Shea Weber,MTL,D,https://assets.nhle.com/mugs/nhl/20182019/MTL/8470642.png,https://assets.nhle.com/logos/nhl/svg/MTL_light.svg,sheaweber,38,1985-08-14,Sicamous,BC,CAN,CAN,76,230,2003,NSH,2,19,49
25,8476856,Mathew Dumba,MIN,D,https://assets.nhle.com/mugs/nhl/20182019/MIN/8476856.png,https://assets.nhle.com/logos/nhl/svg/MIN_light.svg,mattdumba,29,1994-07-25,Regina,SK,CAN,CAN,72,181,2012,MIN,1,7,7
26,8475764,Cam Fowler,ANA,D,https://assets.nhle.com/mugs/nhl/20182019/ANA/8475764.png,https://assets.nhle.com/logos/nhl/svg/ANA_20132014-20232024_light.svg,camfowler,32,1991-12-05,Windsor,ON,CAN,USA,74,215,2010,ANA,1,12,12
27,8475218,Mattias Ekholm,NSH,D,https://assets.nhle.com/mugs/nhl/20182019/NSH/8475218.png,https://assets.nhle.com/logos/nhl/svg/NSH_light.svg,mattiasekholm,33,1990-05-24,Borlange,,SWE,SWE,76,215,2009,NSH,4,11,102
28,8476853,Morgan Rielly,TOR,D,https://assets.nhle.com/mugs/nhl/20182019/TOR/8476853.png,https://assets.nhle.com/logos/nhl/svg/TOR_light.svg,morganrielly,29,1994-03-09,Vancouver,BC,CAN,CAN,73,222,2012,TOR,1,5,5
29,8473507,Jeff Petry,MTL,D,https://assets.nhle.com/mugs/nhl/20182019/MTL/8473507.png,https://assets.nhle.com/logos/nhl/svg/MTL_light.svg,jeffpetry,36,1987-12-09,Ann Arbor,MI,USA,USA,75,209,2006,EDM,2,15,45
30,8480036,Miro Heiskanen,DAL,D,https://assets.nhle.com/mugs/nhl/20182019/DAL/8480036.png,https://assets.nhle.com/logos/nhl/svg/DAL_20122013-20202021_light.svg,miroheiskanen,24,1999-07-18,Espoo,,FIN,FIN,73,195,2017,DAL,1,3,3
31,8476958,Jaccob Slavin,CAR,D,https://assets.nhle.com/mugs/nhl/20182019/CAR/8476958.png,https://assets.nhle.com/logos/nhl/svg/CAR_light.svg,jaccobslavin,29,1994-05-01,Denver,CO,USA,USA,75,207,2012,CAR,4,29,120
32,8470281,Duncan Keith,CHI,D,https://assets.nhle.com/mugs/nhl/20182019/CHI/8470281.png,https://assets.nhle.com/logos/nhl/svg/CHI_light.svg,duncankeith,40,1983-07-16,Winnipeg,MB,CAN,CAN,73,192,2002,CHI,2,24,54
33,8478460,Zach Werenski,CBJ,D,https://assets.nhle.com/mugs/nhl/20182019/CBJ/8478460.png,https://assets.nhle.com/logos/nhl/svg/CBJ_light.svg,zachwerenski,26,1997-07-19,Grosse Pointe,MI,USA,USA,74,213,2015,CBJ,1,8,8
34,8476885,Jacob Trouba,WPG,D,https://assets.nhle.com/mugs/nhl/20182019/WPG/8476885.png,https://assets.nhle.com/logos/nhl/svg/WPG_light.svg,jaketrouba,29,1994-02-26,Rochester,MI,USA,USA,75,203,2012,WPG,1,9,9
35,8478402,Connor McDavid,EDM,C,https://assets.nhle.com/mugs/nhl/20182019/EDM/8478402.png,https://assets.nhle.com/logos/nhl/svg/EDM_20172018-20212022_light.svg,connormcdavid,26,1997-01-13,Richmond Hill,ON,CAN,CAN,73,193,2015,EDM,1,1,1
36,8476892,Colton Parayko,STL,D,https://assets.nhle.com/mugs/nhl/20182019/STL/8476892.png,https://assets.nhle.com/logos/nhl/svg/STL_light.svg,coltonparayko,30,1993-05-12,St. Albert,AB,CAN,CAN,78,228,2012,STL,3,25,86
37,8475167,Victor Hedman,TBL,D,https://assets.nhle.com/mugs/nhl/20182019/TBL/8475167.png,https://assets.nhle.com/logos/nhl/svg/TBL_light.svg,victorhedman,32,1990-12-18,Ornskoldsvik,,SWE,SWE,79,244,2009,T.B,1,2,2
38,8474056,P.K. Subban,NSH,D,https://assets.nhle.com/mugs/nhl/20182019/NSH/8474056.png,https://assets.nhle.com/logos/nhl/svg/NSH_light.svg,pksubban,34,1989-05-13,Toronto,ON,CAN,CAN,72,210,2007,MTL,2,13,43
39,8477934,Leon Draisaitl,EDM,C,https://assets.nhle.com/mugs/nhl/20182019/EDM/8477934.png,https://assets.nhle.com/logos/nhl/svg/EDM_20172018-20212022_light.svg,leondraisaitl,28,1995-10-27,Cologne,,DEU,DEU,74,208,2014,EDM,1,3,3
40,8476979,Erik Gustafsson,CHI,D,https://assets.nhle.com/mugs/nhl/20182019/CHI/8476979.png,https://assets.nhle.com/logos/nhl/svg/CHI_light.svg,erikgustafsson,31,1992-03-14,Nynashamn,,SWE,SWE,72,197,2012,EDM,4,2,93
41,8476879,Cody Ceci,OTT,D,https://assets.nhle.com/mugs/nhl/20182019/OTT/8476879.png,https://assets.nhle.com/logos/nhl/svg/OTT_20072008-20192020_light.svg,codyceci,29,1993-12-21,Ottawa,ON,CAN,CAN,74,210,2012,OTT,1,15,15
42,8474141,Patrick Kane,CHI,R,https://assets.nhle.com/mugs/nhl/20182019/CHI/8474141.png,https://assets.nhle.com/logos/nhl/svg/CHI_light.svg,patkane,35,1988-11-19,Buffalo,NY,USA,USA,70,177,2007,CHI,1,1,1
43,8477986,Brandon Montour,BUF,D,https://assets.nhle.com/mugs/nhl/20182019/BUF/8477986.png,https://assets.nhle.com/logos/nhl/svg/BUF_20102011-20192020_light.svg,brandonmontour,29,1994-04-11,Brantford,ON,CAN,CAN,72,194,2014,ANA,2,25,55
44,8471735,Keith Yandle,FLA,D,https://assets.nhle.com/mugs/nhl/20182019/FLA/8471735.png,https://assets.nhle.com/logos/nhl/svg/FLA_light.svg,keithyandle,37,1986-09-09,Boston,MA,USA,USA,73,192,2005,PHX,4,14,105
45,8475753,Justin Faulk,CAR,D,https://assets.nhle.com/mugs/nhl/20182019/CAR/8475753.png,https://assets.nhle.com/logos/nhl/svg/CAR_light.svg,justinfaulk,31,1992-03-20,South St.Paul,MN,USA,USA,72,214,2010,CAR,2,7,37
46,8477504,Josh Morrissey,WPG,D,https://assets.nhle.com/mugs/nhl/20182019/WPG/8477504.png,https://assets.nhle.com/logos/nhl/svg/WPG_light.svg,joshmorrissey,28,1995-03-28,Calgary,AB,CAN,CAN,72,185,2013,WPG,1,13,13
47,8477506,Ryan Pulock,NYI,D,https://assets.nhle.com/mugs/nhl/20182019/NYI/8477506.png,https://assets.nhle.com/logos/nhl/svg/NYI_light.svg,ryanpulock,29,1994-10-06,Dauphin,MB,CAN,CAN,74,216,2013,NYI,1,15,15
48,8477018,Ben Hutton,VAN,D,https://assets.nhle.com/mugs/nhl/20182019/VAN/8477018.png,https://assets.nhle.com/logos/nhl/svg/VAN_20072008-20182019_light.svg,benhutton,30,1993-04-20,Brockville,ON,CAN,CAN,75,201,2012,VAN,5,26,147
49,8477493,Aleksander Barkov,FLA,C,https://assets.nhle.com/mugs/nhl/20182019/FLA/8477493.png,https://assets.nhle.com/logos/nhl/svg/FLA_light.svg,aleksanderbarkov,28,1995-09-02,Tampere,,FIN,FIN,75,215,2013,FLA,1,2,2
50,8476875,Mike Matheson,FLA,D,https://assets.nhle.com/mugs/nhl/20182019/FLA/8476875.png,https://assets.nhle.com/logos/nhl/svg/FLA_light.svg,michaelmatheson,29,1994-02-27,Pointe-Claire,QC,CAN,CAN,74,193,2012,FLA,1,23,23
51,8476312,Josh Manson,ANA,D,https://assets.nhle.com/mugs/nhl/20182019/ANA/8476312.png,https://assets.nhle.com/logos/nhl/svg/ANA_20132014-20232024_light.svg,joshmanson,32,1991-10-07,Hinsdale,IL,USA,CAN,75,218,2011,ANA,6,9,160
52,8471685,Anze Kopitar,LAK,C,https://assets.nhle.com/mugs/nhl/20182019/LAK/8471685.png,https://assets.nhle.com/logos/nhl/svg/LAK_20112012-20182019_light.svg,anzekopitar,36,1987-08-24,Jesenice,,SVN,SVN,75,225,2005,L.A,1,11,11
53,8479325,Charlie McAvoy,BOS,D,https://assets.nhle.com/mugs/nhl/20182019/BOS/8479325.png,https://assets.nhle.com/logos/nhl/svg/BOS_20082009-20222023_light.svg,charliemcavoy,25,1997-12-21,Long Beach,NY,USA,USA,73,209,2016,BOS,1,14,14
54,8476461,Sean Couturier,PHI,C,https://assets.nhle.com/mugs/nhl/20182019/PHI/8476461.png,https://assets.nhle.com/logos/nhl/svg/PHI_19992000-20222023_light.svg,seancouturier,31,1992-12-07,Phoenix,AZ,USA,CAN,75,211,2011,PHI,1,8,8
55,8477492,Nathan MacKinnon,COL,C,https://assets.nhle.com/mugs/nhl/20182019/COL/8477492.png,https://assets.nhle.com/logos/nhl/svg/COL_light.svg,nathanmackinnon,28,1995-09-01,Halifax,NS,CAN,CAN,72,200,2013,COL,1,1,1
56,8474151,Ryan McDonagh,TBL,D,https://assets.nhle.com/mugs/nhl/20182019/TBL/8474151.png,https://assets.nhle.com/logos/nhl/svg/TBL_light.svg,ryanmcdonagh,34,1989-06-13,St. Paul,MN,USA,USA,73,215,2007,MTL,1,12,12
57,8476923,Damon Severson,NJD,D,https://assets.nhle.com/mugs/nhl/20182019/NJD/8476923.png,https://assets.nhle.com/logos/nhl/svg/NJD_light.svg,damonseverson,29,1994-08-07,Melville,SK,CAN,CAN,74,205,2012,N.J,2,30,60
58,8477215,Danny DeKeyser,DET,D,https://assets.nhle.com/mugs/nhl/20182019/DET/8477215.png,https://assets.nhle.com/logos/nhl/svg/DET_light.svg,dannydekeyser,33,1990-03-07,Detroit,MI,USA,USA,75,183,-,-,-,-,-
59,8477220,Nate Schmidt,VGK,D,https://assets.nhle.com/mugs/nhl/20182019/VGK/8477220.png,https://assets.nhle.com/logos/nhl/svg/VGK_light.svg,nathanschmidt,32,1991-07-16,St. Cloud,MN,USA,USA,72,195,-,-,-,-,-
60,8471702,Matt Niskanen,WSH,D,https://assets.nhle.com/mugs/nhl/20182019/WSH/8471702.png,https://assets.nhle.com/logos/nhl/svg/WSH_light.svg,mattniskanen,37,1986-12-06,Virginia,MN,USA,USA,73,203,2005,DAL,1,28,28
61,8476460,Mark Scheifele,WPG,C,https://assets.nhle.com/mugs/nhl/20182019/WPG/8476460.png,https://assets.nhle.com/logos/nhl/svg/WPG_light.svg,markscheifele,30,1993-03-15,Kitchener,ON,CAN,CAN,75,198,2011,WPG,1,7,7
62,8477946,Dylan Larkin,DET,C,https://assets.nhle.com/mugs/nhl/20182019/DET/8477946.png,https://assets.nhle.com/logos/nhl/svg/DET_light.svg,dylanlarkin,27,1996-07-30,Waterford,MI,USA,USA,73,198,2014,DET,1,15,15
63,8473446,Erik Johnson,COL,D,https://assets.nhle.com/mugs/nhl/20182019/COL/8473446.png,https://assets.nhle.com/logos/nhl/svg/COL_light.svg,erikjohnson,35,1988-03-21,Bloomington,MN,USA,USA,76,225,2006,STL,1,1,1
64,8475197,Tyson Barrie,COL,D,https://assets.nhle.com/mugs/nhl/20182019/COL/8475197.png,https://assets.nhle.com/logos/nhl/svg/COL_light.svg,tysonbarrie,32,1991-07-26,Victoria,BC,CAN,CAN,71,197,2009,COL,3,3,64
65,8475222,Sami Vatanen,NJD,D,https://assets.nhle.com/mugs/nhl/20182019/NJD/8475222.png,https://assets.nhle.com/logos/nhl/svg/NJD_light.svg,samivatanen,32,1991-06-03,Jyväskylä,,FIN,FIN,70,185,2009,ANA,4,15,106
66,8471242,Mike Green,DET,D,https://assets.nhle.com/mugs/nhl/20182019/DET/8471242.png,https://assets.nhle.com/logos/nhl/svg/DET_light.svg,michaelgreen,38,1985-10-12,Calgary,AB,CAN,CAN,73,210,2004,WSH,1,29,29
67,8475200,Dmitry Orlov,WSH,D,https://assets.nhle.com/mugs/nhl/20182019/WSH/8475200.png,https://assets.nhle.com/logos/nhl/svg/WSH_light.svg,dmitryorlov,32,1991-07-23,Novokuznetsk,,RUS,RUS,71,214,2009,WSH,2,25,55
68,8474567,Zach Bogosian,BUF,D,https://assets.nhle.com/mugs/nhl/20182019/BUF/8474567.png,https://assets.nhle.com/logos/nhl/svg/BUF_20102011-20192020_light.svg,zachbogosian,33,1990-07-15,Massena,NY,USA,USA,74,222,2008,ATL,1,3,3
69,8476457,Adam Larsson,EDM,D,https://assets.nhle.com/mugs/nhl/20182019/EDM/8476457.png,https://assets.nhle.com/logos/nhl/svg/EDM_20172018-20212022_light.svg,adamlarsson,31,1992-11-12,Skellefteå,,SWE,SWE,75,209,2011,N.J,1,4,4
70,8475181,Nick Leddy,NYI,D,https://assets.nhle.com/mugs/nhl/20182019/NYI/8475181.png,https://assets.nhle.com/logos/nhl/svg/NYI_light.svg,nickleddy,32,1991-03-20,Eden Prairie,MN,USA,USA,72,205,2009,MIN,1,16,16
71,8474673,TJ Brodie,CGY,D,https://assets.nhle.com/mugs/nhl/20182019/CGY/8474673.png,https://assets.nhle.com/logos/nhl/svg/CGY_19941995-20192020_light.svg,tjbrodie,33,1990-06-07,Chatham,ON,CAN,CAN,74,187,2008,CGY,4,23,114
72,8473512,Claude Giroux,PHI,R,https://assets.nhle.com/mugs/nhl/20182019/PHI/8473512.png,https://assets.nhle.com/logos/nhl/svg/PHI_19992000-20222023_light.svg,claudegiroux,35,1988-01-12,Hearst,ON,CAN,CAN,71,190,2006,PHI,1,22,22
73,8476850,Ryan Murray,CBJ,D,https://assets.nhle.com/mugs/nhl/20182019/CBJ/8476850.png,https://assets.nhle.com/logos/nhl/svg/CBJ_light.svg,ryanmurray,30,1993-09-27,Regina,SK,CAN,CAN,73,206,2012,CBJ,1,2,2
74,8474166,Alec Martinez,LAK,D,https://assets.nhle.com/mugs/nhl/20182019/LAK/8474166.png,https://assets.nhle.com/logos/nhl/svg/LAK_20112012-20182019_light.svg,alecmartinez,36,1987-07-26,Rochester Hills,MI,USA,USA,73,210,2007,L.A,4,4,95
75,8474162,Jake Muzzin,TOR,D,https://assets.nhle.com/mugs/nhl/20182019/TOR/8474162.png,https://assets.nhle.com/logos/nhl/svg/TOR_light.svg,jakemuzzin,34,1989-02-21,Woodstock,ON,CAN,CAN,75,227,2007,PIT,5,20,141
76,8476792,Torey Krug,BOS,D,https://assets.nhle.com/mugs/nhl/20182019/BOS/8476792.png,https://assets.nhle.com/logos/nhl/svg/BOS_20082009-20222023_light.svg,toreykrug,32,1991-04-12,Livonia,MI,USA,USA,69,194,-,-,-,-,-
77,8476869,Brady Skjei,NYR,D,https://assets.nhle.com/mugs/nhl/20182019/NYR/8476869.png,https://assets.nhle.com/logos/nhl/svg/NYR_light.svg,bradyskjei,29,1994-03-26,Lakeville,MN,USA,USA,75,210,2012,NYR,1,28,28
78,8474581,Jake Gardiner,TOR,D,https://assets.nhle.com/mugs/nhl/20182019/TOR/8474581.png,https://assets.nhle.com/logos/nhl/svg/TOR_light.svg,jakegardiner,33,1990-07-04,Minnetonka,MN,USA,USA,74,203,2008,ANA,1,17,17
79,8480145,Neal Pionk,NYR,D,https://assets.nhle.com/mugs/nhl/20182019/NYR/8480145.png,https://assets.nhle.com/logos/nhl/svg/NYR_light.svg,nealpionk,28,1995-07-29,Hermantown,MN,USA,USA,72,185,-,-,-,-,-
80,8480839,Rasmus Dahlin,BUF,D,https://assets.nhle.com/mugs/nhl/20182019/BUF/8480839.png,https://assets.nhle.com/logos/nhl/svg/BUF_20102011-20192020_light.svg,rasmusdahlin,23,2000-04-13,Trollhattan,,SWE,SWE,75,202,2018,BUF,1,1,1
81,8476455,Gabriel Landeskog,COL,L,https://assets.nhle.com/mugs/nhl/20182019/COL/8476455.png,https://assets.nhle.com/logos/nhl/svg/COL_light.svg,gabriellandeskog,31,1992-11-23,Stockholm,,SWE,SWE,73,215,2011,COL,1,2,2
82,8465009,Zdeno Chara,BOS,D,https://assets.nhle.com/mugs/nhl/20182019/BOS/8465009.png,https://assets.nhle.com/logos/nhl/svg/BOS_20082009-20222023_light.svg,zdenochara,46,1977-03-18,Trencin,,SVK,SVK,81,250,1996,NYI,3,4,56
83,8481486,Jimmy Schuldt,VGK,D,https://assets.nhle.com/mugs/nhl/20182019/VGK/8481486.png,https://assets.nhle.com/logos/nhl/svg/VGK_light.svg,jimmyschuldt,28,1995-05-11,Minnetonka,MN,USA,USA,73,203,-,-,-,-,-
84,8471709,Marc-Edouard Vlasic,SJS,D,https://assets.nhle.com/mugs/nhl/20182019/SJS/8471709.png,https://assets.nhle.com/logos/nhl/svg/SJS_light.svg,marcedouardvlasic,36,1987-03-30,Montreal,QC,CAN,CAN,73,205,2005,S.J,2,5,35
85,8475208,Brian Dumoulin,PIT,D,https://assets.nhle.com/mugs/nhl/20182019/PIT/8475208.png,https://assets.nhle.com/logos/nhl/svg/PIT_light.svg,briandumoulin,32,1991-09-06,Biddeford,ME,USA,USA,76,207,2009,CAR,2,21,51
86,8473604,Jonathan Toews,CHI,C,https://assets.nhle.com/mugs/nhl/20182019/CHI/8473604.png,https://assets.nhle.com/logos/nhl/svg/CHI_light.svg,jonathantoews,35,1988-04-29,Winnipeg,MB,CAN,CAN,74,201,2006,CHI,1,3,3
87,8471675,Sidney Crosby,PIT,C,https://assets.nhle.com/mugs/nhl/20182019/PIT/8471675.png,https://assets.nhle.com/logos/nhl/svg/PIT_light.svg,sidneycrosby,36,1987-08-07,Cole Harbour,NS,CAN,CAN,71,200,2005,PIT,1,1,1
88,8478443,Brandon Carlo,BOS,D,https://assets.nhle.com/mugs/nhl/20182019/BOS/8478443.png,https://assets.nhle.com/logos/nhl/svg/BOS_20082009-20222023_light.svg,brandoncarlo,27,1996-11-26,Colorado Springs,CO,USA,USA,78,218,2015,BOS,2,7,37
89,8471214,Alex Ovechkin,WSH,L,https://assets.nhle.com/mugs/nhl/20182019/WSH/8471214.png,https://assets.nhle.com/logos/nhl/svg/WSH_light.svg,alexovechkin,38,1985-09-17,Moscow,,RUS,RUS,75,238,2004,WSH,1,1,1
90,8474612,Travis Hamonic,CGY,D,https://assets.nhle.com/mugs/nhl/20182019/CGY/8474612.png,https://assets.nhle.com/logos/nhl/svg/CGY_19941995-20192020_light.svg,travishamonic,33,1990-08-16,St. Malo,MB,CAN,CAN,73,200,2008,NYI,2,23,53
91,8478420,Mikko Rantanen,COL,R,https://assets.nhle.com/mugs/nhl/20182019/COL/8478420.png,https://assets.nhle.com/logos/nhl/svg/COL_light.svg,mikkorantanen,27,1996-10-29,Nousiainen,,FIN,FIN,76,215,2015,COL,1,10,10
92,8477500,Bo Horvat,VAN,C,https://assets.nhle.com/mugs/nhl/20182019/VAN/8477500.png,https://assets.nhle.com/logos/nhl/svg/VAN_20072008-20182019_light.svg,bohorvat,28,1995-04-05,London,ON,CAN,CAN,72,215,2013,VAN,1,9,9
93,8472382,Andy Greene,NJD,D,https://assets.nhle.com/mugs/nhl/20182019/NJD/8472382.png,https://assets.nhle.com/logos/nhl/svg/NJD_light.svg,andygreene,41,1982-10-30,Trenton,MI,USA,USA,71,190,-,-,-,-,-
94,8471274,Alex Goligoski,ARI,D,https://assets.nhle.com/mugs/nhl/20182019/ARI/8471274.png,https://assets.nhle.com/logos/nhl/svg/ARI_20142015-20202021_light.svg,alexgoligoski,38,1985-07-30,Grand Rapids,MN,USA,USA,71,173,2004,PIT,2,31,61
95,8478396,Noah Hanifin,CGY,D,https://assets.nhle.com/mugs/nhl/20182019/CGY/8478396.png,https://assets.nhle.com/logos/nhl/svg/CGY_19941995-20192020_light.svg,noahhanifin,26,1997-01-25,Boston,MA,USA,USA,75,207,2015,CAR,1,5,5
96,8475158,Ryan O'Reilly,STL,C,https://assets.nhle.com/mugs/nhl/20182019/STL/8475158.png,https://assets.nhle.com/logos/nhl/svg/STL_light.svg,ryanoreilly,32,1991-02-07,Clinton,ON,CAN,CAN,73,207,2009,COL,2,3,33
97,8475794,Tyler Seguin,DAL,C,https://assets.nhle.com/mugs/nhl/20182019/DAL/8475794.png,https://assets.nhle.com/logos/nhl/svg/DAL_20122013-20202021_light.svg,tylerseguin,31,1992-01-31,Brampton,ON,CAN,CAN,73,205,2010,BOS,1,2,2
98,8475762,Derek Forbort,LAK,D,https://assets.nhle.com/mugs/nhl/20182019/LAK/8475762.png,https://assets.nhle.com/logos/nhl/svg/LAK_20112012-20182019_light.svg,derekforbort,31,1992-03-04,Duluth,MN,USA,USA,76,208,2010,L.A,1,15,15
99,8470151,Jay Bouwmeester,STL,D,https://assets.nhle.com/mugs/nhl/20182019/STL/8470151.png,https://assets.nhle.com/logos/nhl/svg/STL_light.svg,jaybouwmeester,40,1983-09-27,Edmonton,AB,CAN,CAN,76,206,2002,FLA,1,3,3
100,8471218,Blake Wheeler,WPG,R,https://assets.nhle.com/mugs/nhl/20182019/WPG/8471218.png,https://assets.nhle.com/logos/nhl/svg/WPG_light.svg,blakewheeler,37,1986-08-31,Plymouth,MN,USA,USA,77,220,2004,PHX,1,5,5
101,8476459,Mika Zibanejad,NYR,C,https://assets.nhle.com/mugs/nhl/20182019/NYR/8476459.png,https://assets.nhle.com/logos/nhl/svg/NYR_light.svg,mikazibanejad,30,1993-04-18,Huddinge,,SWE,SWE,74,202,2011,OTT,1,6,6
102,8476463,Jonas Brodin,MIN,D,https://assets.nhle.com/mugs/nhl/20182019/MIN/8476463.png,https://assets.nhle.com/logos/nhl/svg/MIN_light.svg,jonasbrodin,30,1993-07-12,Karlstad,,SWE,SWE,74,196,2011,MIN,1,10,10
103,8471873,Anton Stralman,TBL,D,https://assets.nhle.com/mugs/nhl/20182019/TBL/8471873.png,https://assets.nhle.com/logos/nhl/svg/TBL_light.svg,antonstralman,37,1986-08-01,Tibro,,SWE,SWE,71,193,2005,TOR,7,22,216
104,8474602,Justin Schultz,PIT,D,https://assets.nhle.com/mugs/nhl/20182019/PIT/8474602.png,https://assets.nhle.com/logos/nhl/svg/PIT_light.svg,justinschultz,33,1990-07-06,Kelowna,BC,CAN,CAN,74,190,2008,ANA,2,13,43
105,8477488,Brett Pesce,CAR,D,https://assets.nhle.com/mugs/nhl/20182019/CAR/8477488.png,https://assets.nhle.com/logos/nhl/svg/CAR_light.svg,brettpesce,29,1994-11-15,Tarrytown,NY,USA,USA,75,206,2013,CAR,3,5,66
106,8479458,Nikita Zaitsev,TOR,D,https://assets.nhle.com/mugs/nhl/20182019/TOR/8479458.png,https://assets.nhle.com/logos/nhl/svg/TOR_light.svg,nikitazaitsev,32,1991-10-29,Moscow,,RUS,RUS,74,192,-,-,-,-,-
107,8478403,Jack Eichel,BUF,C,https://assets.nhle.com/mugs/nhl/20182019/BUF/8478403.png,https://assets.nhle.com/logos/nhl/svg/BUF_20102011-20192020_light.svg,jackeichel,27,1996-10-28,North Chelmsford,MA,USA,USA,74,207,2015,BUF,1,2,2
108,8471729,Kris Russell,EDM,D,https://assets.nhle.com/mugs/nhl/20182019/EDM/8471729.png,https://assets.nhle.com/logos/nhl/svg/EDM_20172018-20212022_light.svg,krisrussell,36,1987-05-02,Caroline,AB,CAN,CAN,70,170,2005,CBJ,3,6,67
109,8470606,Dustin Brown,LAK,R,https://assets.nhle.com/mugs/nhl/20182019/LAK/8470606.png,https://assets.nhle.com/logos/nhl/svg/LAK_20112012-20182019_light.svg,dustinbrown,39,1984-11-04,Ithaca,NY,USA,USA,72,205,2003,L.A,1,13,13
110,8474574,Tyler Myers,WPG,D,https://assets.nhle.com/mugs/nhl/20182019/WPG/8474574.png,https://assets.nhle.com/logos/nhl/svg/WPG_light.svg,tylermyers,33,1990-02-01,Houston,TX,USA,CAN,80,229,2008,BUF,1,12,12
111,8474027,Justin Braun,SJS,D,https://assets.nhle.com/mugs/nhl/20182019/SJS/8474027.png,https://assets.nhle.com/logos/nhl/svg/SJS_light.svg,justinbraun,36,1987-02-10,Minneapolis,MN,USA,USA,74,205,2007,S.J,7,20,201
112,8468493,Ron Hainsey,TOR,D,https://assets.nhle.com/mugs/nhl/20182019/TOR/8468493.png,https://assets.nhle.com/logos/nhl/svg/TOR_light.svg,ronhainsey,42,1981-03-24,Bolton,CT,USA,USA,75,201,2000,MTL,1,13,13
113,8479345,Jakob Chychrun,ARI,D,https://assets.nhle.com/mugs/nhl/20182019/ARI/8479345.png,https://assets.nhle.com/logos/nhl/svg/ARI_20142015-20202021_light.svg,jakobchychrun,25,1998-03-31,Boca Raton,FL,USA,USA,74,220,2016,ARI,1,16,16
114,8475690,Chris Tanev,VAN,D,https://assets.nhle.com/mugs/nhl/20182019/VAN/8475690.png,https://assets.nhle.com/logos/nhl/svg/VAN_20072008-20182019_light.svg,christanev,33,1989-12-20,Toronto,ON,CAN,CAN,74,193,-,-,-,-,-
115,8478427,Sebastian Aho,CAR,C,https://assets.nhle.com/mugs/nhl/20182019/CAR/8478427.png,https://assets.nhle.com/logos/nhl/svg/CAR_light.svg,sebastianahoC,26,1997-07-26,Rauma,,FIN,FIN,72,176,2015,CAR,2,5,35
116,8477447,Shea Theodore,VGK,D,https://assets.nhle.com/mugs/nhl/20182019/VGK/8477447.png,https://assets.nhle.com/logos/nhl/svg/VGK_light.svg,sheatheodore,28,1995-08-03,Langley,BC,CAN,CAN,74,197,2013,ANA,1,26,26
117,8476454,Ryan Nugent-Hopkins,EDM,C,https://assets.nhle.com/mugs/nhl/20182019/EDM/8476454.png,https://assets.nhle.com/logos/nhl/svg/EDM_20172018-20212022_light.svg,ryannugenthopkins,30,1993-04-12,Burnaby,BC,CAN,CAN,72,195,2011,EDM,1,1,1
118,8476346,Johnny Gaudreau,CGY,L,https://assets.nhle.com/mugs/nhl/20182019/CGY/8476346.png,https://assets.nhle.com/logos/nhl/svg/CGY_19941995-20192020_light.svg,johnnygaudreau,30,1993-08-13,Salem,NJ,USA,USA,69,165,2011,CGY,4,13,104
119,8477496,Elias Lindholm,CGY,C,https://assets.nhle.com/mugs/nhl/20182019/CGY/8477496.png,https://assets.nhle.com/logos/nhl/svg/CGY_19941995-20192020_light.svg,eliaslindholm,29,1994-12-02,Boden,,SWE,SWE,73,202,2013,CAR,1,5,5
120,8474218,Jason Demers,ARI,D,https://assets.nhle.com/mugs/nhl/20182019/ARI/8474218.png,https://assets.nhle.com/logos/nhl/svg/ARI_20142015-20202021_light.svg,jasondemers,35,1988-06-09,Dorval,QC,CAN,CAN,73,195,2008,S.J,7,5,186
121,8476453,Nikita Kucherov,TBL,R,https://assets.nhle.com/mugs/nhl/20182019/TBL/8476453.png,https://assets.nhle.com/logos/nhl/svg/TBL_light.svg,nikitakucherov,30,1993-06-17,Maykop,,RUS,RUS,71,181,2011,T.B,2,28,58
122,8479425,Filip Hronek,DET,D,https://assets.nhle.com/mugs/nhl/20182019/DET/8479425.png,https://assets.nhle.com/logos/nhl/svg/DET_light.svg,filiphronek,26,1997-11-02,Hradec Králové,,CZE,CZE,72,190,2016,DET,2,23,53
123,8468509,Niklas Kronwall,DET,D,https://assets.nhle.com/mugs/nhl/20182019/DET/8468509.png,https://assets.nhle.com/logos/nhl/svg/DET_light.svg,niklaskronwall,42,1981-01-12,Stockholm,,SWE,SWE,72,194,2000,DET,1,29,29
124,8473563,Nicklas Backstrom,WSH,C,https://assets.nhle.com/mugs/nhl/20182019/WSH/8473563.png,https://assets.nhle.com/logos/nhl/svg/WSH_light.svg,nicklasbackstrom,36,1987-11-23,Gävle,,SWE,SWE,73,202,2006,WSH,1,4,4
125,8479442,Troy Stecher,VAN,D,https://assets.nhle.com/mugs/nhl/20182019/VAN/8479442.png,https://assets.nhle.com/logos/nhl/svg/VAN_20072008-20182019_light.svg,troystecher,29,1994-04-07,Richmond,BC,CAN,CAN,70,184,-,-,-,-,-
126,8479398,Samuel Girard,COL,D,https://assets.nhle.com/mugs/nhl/20182019/COL/8479398.png,https://assets.nhle.com/logos/nhl/svg/COL_light.svg,samuelgirard,25,1998-05-12,Roberval,QC,CAN,CAN,70,170,2016,NSH,2,17,47
127,8475913,Mark Stone,VGK,R,https://assets.nhle.com/mugs/nhl/20182019/VGK/8475913.png,https://assets.nhle.com/logos/nhl/svg/VGK_light.svg,markstone,31,1992-05-13,Winnipeg,MB,CAN,CAN,75,217,2010,OTT,6,28,178
128,8468674,Deryk Engelland,VGK,D,https://assets.nhle.com/mugs/nhl/20182019/VGK/8468674.png,https://assets.nhle.com/logos/nhl/svg/VGK_light.svg,derykengelland,41,1982-04-03,Edmonton,AB,CAN,CAN,74,212,2000,N.J,6,27,194
129,8478550,Artemi Panarin,CBJ,L,https://assets.nhle.com/mugs/nhl/20182019/CBJ/8478550.png,https://assets.nhle.com/logos/nhl/svg/CBJ_light.svg,artemipanarin,32,1991-10-30,Korkino,,RUS,RUS,72,173,-,-,-,-,-
130,8475324,Nick Jensen,WSH,D,https://assets.nhle.com/mugs/nhl/20182019/WSH/8475324.png,https://assets.nhle.com/logos/nhl/svg/WSH_light.svg,nickjensen,33,1990-09-21,St. Paul,MN,USA,USA,73,205,2009,DET,5,29,150
131,8475692,Mats Zuccarello,DAL,R,https://assets.nhle.com/mugs/nhl/20182019/DAL/8475692.png,https://assets.nhle.com/logos/nhl/svg/DAL_20122013-20202021_light.svg,matszuccarello,36,1987-09-01,Oslo,,NOR,NOR,68,181,-,-,-,-,-
132,8473673,David Schlemko,MTL,D,https://assets.nhle.com/mugs/nhl/20182019/MTL/8473673.png,https://assets.nhle.com/logos/nhl/svg/MTL_light.svg,davidschlemko,36,1987-05-07,Edmonton,AB,CAN,CAN,73,191,-,-,-,-,-
133,8478483,Mitch Marner,TOR,R,https://assets.nhle.com/mugs/nhl/20182019/TOR/8478483.png,https://assets.nhle.com/logos/nhl/svg/TOR_light.svg,mitchmarner,26,1997-05-05,Markham,ON,CAN,CAN,72,181,2015,TOR,1,4,4
134,8478452,Caleb Jones,EDM,D,https://assets.nhle.com/mugs/nhl/20182019/EDM/8478452.png,https://assets.nhle.com/logos/nhl/svg/EDM_20172018-20212022_light.svg,calebjones,26,1997-06-06,Arlington,TX,USA,USA,73,194,2015,EDM,4,26,117
135,8471228,Alexander Radulov,DAL,R,https://assets.nhle.com/mugs/nhl/20182019/DAL/8471228.png,https://assets.nhle.com/logos/nhl/svg/DAL_20122013-20202021_light.svg,alexradulov,37,1986-07-05,Nizhny Tagil,,RUS,RUS,73,200,2004,NSH,1,15,15
136,8474013,Ian Cole,COL,D,https://assets.nhle.com/mugs/nhl/20182019/COL/8474013.png,https://assets.nhle.com/logos/nhl/svg/COL_light.svg,iancole,34,1989-02-21,Ann Arbor,MI,USA,USA,73,225,2007,STL,1,18,18
137,8475233,David Savard,CBJ,D,https://assets.nhle.com/mugs/nhl/20182019/CBJ/8475233.png,https://assets.nhle.com/logos/nhl/svg/CBJ_light.svg,davidsavard,33,1990-10-22,St. Hyacinthe,QC,CAN,CAN,73,235,2009,CBJ,4,3,94
138,8471769,Niklas Hjalmarsson,ARI,D,https://assets.nhle.com/mugs/nhl/20182019/ARI/8471769.png,https://assets.nhle.com/logos/nhl/svg/ARI_20142015-20202021_light.svg,niklashjalmarsson,36,1987-06-06,Eksjo,,SWE,SWE,75,197,2005,CHI,4,17,108
139,8475791,Taylor Hall,NJD,L,https://assets.nhle.com/mugs/nhl/20182019/NJD/8475791.png,https://assets.nhle.com/logos/nhl/svg/NJD_light.svg,taylorhall,32,1991-11-14,Calgary,AB,CAN,CAN,73,210,2010,EDM,1,1,1
140,8476462,Dougie Hamilton,CAR,D,https://assets.nhle.com/mugs/nhl/20182019/CAR/8476462.png,https://assets.nhle.com/logos/nhl/svg/CAR_light.svg,dougiehamilton,30,1993-06-17,Toronto,ON,CAN,CAN,78,230,2011,BOS,1,9,9
141,8476389,Vincent Trocheck,FLA,C,https://assets.nhle.com/mugs/nhl/20182019/FLA/8476389.png,https://assets.nhle.com/logos/nhl/svg/FLA_light.svg,vincenttrocheck,30,1993-07-11,Pittsburgh,PA,USA,USA,71,184,2011,FLA,3,3,64
142,8476906,Shayne Gostisbehere,PHI,D,https://assets.nhle.com/mugs/nhl/20182019/PHI/8476906.png,https://assets.nhle.com/logos/nhl/svg/PHI_19992000-20222023_light.svg,shaynegostisbehere,30,1993-04-20,Pembroke Pines,FL,USA,USA,71,180,2012,PHI,3,17,78
143,8476525,Colin Miller,VGK,D,https://assets.nhle.com/mugs/nhl/20182019/VGK/8476525.png,https://assets.nhle.com/logos/nhl/svg/VGK_light.svg,colinmiller,31,1992-10-29,Sault Ste. Marie,ON,CAN,CAN,73,200,2012,L.A,5,30,151
144,8473419,Brad Marchand,BOS,L,https://assets.nhle.com/mugs/nhl/20182019/BOS/8473419.png,https://assets.nhle.com/logos/nhl/svg/BOS_20082009-20222023_light.svg,bradmarchand,35,1988-05-11,Halifax,NS,CAN,CAN,69,176,2006,BOS,3,8,71
145,8477948,Travis Sanheim,PHI,D,https://assets.nhle.com/mugs/nhl/20182019/PHI/8477948.png,https://assets.nhle.com/logos/nhl/svg/PHI_19992000-20222023_light.svg,travissanheim,27,1996-03-29,Elkhorn,MB,CAN,CAN,75,181,2014,PHI,1,17,17
146,8475793,Ryan Johansen,NSH,C,https://assets.nhle.com/mugs/nhl/20182019/NSH/8475793.png,https://assets.nhle.com/logos/nhl/svg/NSH_light.svg,ryanjohansen,31,1992-07-31,Vancouver,BC,CAN,CAN,75,218,2010,CBJ,1,4,4
147,8476473,Connor Murphy,CHI,D,https://assets.nhle.com/mugs/nhl/20182019/CHI/8476473.png,https://assets.nhle.com/logos/nhl/svg/CHI_light.svg,connormurphy,30,1993-03-26,Dublin,OH,USA,USA,76,212,2011,PHX,1,20,20
148,8475188,Brayden McNabb,VGK,D,https://assets.nhle.com/mugs/nhl/20182019/VGK/8475188.png,https://assets.nhle.com/logos/nhl/svg/VGK_light.svg,braydenmcnabb,32,1991-01-21,Davidson,SK,CAN,CAN,76,215,2009,BUF,3,5,66
149,8470612,Ryan Getzlaf,ANA,C,https://assets.nhle.com/mugs/nhl/20182019/ANA/8470612.png,https://assets.nhle.com/logos/nhl/svg/ANA_20132014-20232024_light.svg,ryangetzlaf,38,1985-05-10,Regina,SK,CAN,CAN,76,220,2003,ANA,1,19,19
150,8471686,Marc Staal,NYR,D,https://assets.nhle.com/mugs/nhl/20182019/NYR/8471686.png,https://assets.nhle.com/logos/nhl/svg/NYR_light.svg,marcstaal,36,1987-01-13,Thunder Bay,ON,CAN,CAN,76,208,2005,NYR,1,12,12
151,8476441,Joel Edmundson,STL,D,https://assets.nhle.com/mugs/nhl/20182019/STL/8476441.png,https://assets.nhle.com/logos/nhl/svg/STL_light.svg,joeledmundson,30,1993-06-28,Brandon,MB,CAN,CAN,77,221,2011,STL,2,16,46
152,8480161,Libor Sulak,DET,D,https://assets.nhle.com/mugs/nhl/20182019/DET/8480161.png,https://assets.nhle.com/logos/nhl/svg/DET_light.svg,liborsulak,29,1994-03-04,Pelhrimov,,CZE,CZE,74,207,-,-,-,-,-
153,8474715,Cameron Atkinson,CBJ,R,https://assets.nhle.com/mugs/nhl/20182019/CBJ/8474715.png,https://assets.nhle.com/logos/nhl/svg/CBJ_light.svg,camatkinson,34,1989-06-05,Riverside,CT,USA,USA,68,176,2008,CBJ,6,6,157
154,8477404,Jake Guentzel,PIT,C,https://assets.nhle.com/mugs/nhl/20182019/PIT/8477404.png,https://assets.nhle.com/logos/nhl/svg/PIT_light.svg,jakeguentzel,29,1994-10-06,Omaha,NE,USA,USA,71,180,2013,PIT,3,16,77
155,8477950,Tony DeAngelo,NYR,D,https://assets.nhle.com/mugs/nhl/20182019/NYR/8477950.png,https://assets.nhle.com/logos/nhl/svg/NYR_light.svg,anthonydeangelo,28,1995-10-24,Sewell,NJ,USA,USA,71,180,2014,T.B,1,19,19
156,8476331,Dylan DeMelo,OTT,D,https://assets.nhle.com/mugs/nhl/20182019/OTT/8476331.png,https://assets.nhle.com/logos/nhl/svg/OTT_20072008-20192020_light.svg,dylandemelo,30,1993-05-01,London,ON,CAN,CAN,72,195,2011,S.J,6,28,179
157,8471677,Jack Johnson,PIT,D,https://assets.nhle.com/mugs/nhl/20182019/PIT/8471677.png,https://assets.nhle.com/logos/nhl/svg/PIT_light.svg,jackjohnson,36,1987-01-13,Indianapolis,IN,USA,USA,73,227,2005,CAR,1,3,3
158,8477355,Will Butcher,NJD,D,https://assets.nhle.com/mugs/nhl/20182019/NJD/8477355.png,https://assets.nhle.com/logos/nhl/svg/NJD_light.svg,willbutcher,28,1995-01-06,Sun Prairie,WI,USA,USA,70,195,2013,COL,5,2,123
159,8471233,Travis Zajac,NJD,C,https://assets.nhle.com/mugs/nhl/20182019/NJD/8471233.png,https://assets.nhle.com/logos/nhl/svg/NJD_light.svg,traviszajac,38,1985-05-13,Winnipeg,MB,CAN,CAN,74,185,2004,N.J,1,20,20
160,8478398,Kyle Connor,WPG,L,https://assets.nhle.com/mugs/nhl/20182019/WPG/8478398.png,https://assets.nhle.com/logos/nhl/svg/WPG_light.svg,kyleconnor,27,1996-12-09,Shelby Twp.,MI,USA,USA,74,179,2015,WPG,1,17,17
161,8478416,Erik Cernak,TBL,D,https://assets.nhle.com/mugs/nhl/20182019/TBL/8478416.png,https://assets.nhle.com/logos/nhl/svg/TBL_light.svg,erikcernak,26,1997-05-28,Kosice,,SVK,SVK,76,224,2015,L.A,2,13,43
162,8474613,Derek Stepan,ARI,C,https://assets.nhle.com/mugs/nhl/20182019/ARI/8474613.png,https://assets.nhle.com/logos/nhl/svg/ARI_20142015-20202021_light.svg,derekstepan,33,1990-06-18,Hastings,MN,USA,USA,71,196,2008,NYR,2,21,51
163,8479482,Michal Kempny,WSH,D,https://assets.nhle.com/mugs/nhl/20182019/WSH/8479482.png,https://assets.nhle.com/logos/nhl/svg/WSH_light.svg,michalkempny,33,1990-09-08,Hodonin,,CZE,CZE,73,192,-,-,-,-,-
164,8471392,Roman Polak,DAL,D,https://assets.nhle.com/mugs/nhl/20182019/DAL/8471392.png,https://assets.nhle.com/logos/nhl/svg/DAL_20122013-20202021_light.svg,romanpolak,37,1986-04-28,Ostrava,,CZE,CZE,74,240,2004,STL,6,17,180
165,8478444,Brock Boeser,VAN,R,https://assets.nhle.com/mugs/nhl/20182019/VAN/8478444.png,https://assets.nhle.com/logos/nhl/svg/VAN_20072008-20182019_light.svg,brockboeser,26,1997-02-25,Burnsville,MN,USA,USA,73,208,2015,VAN,1,23,23
166,8478042,Viktor Arvidsson,NSH,L,https://assets.nhle.com/mugs/nhl/20182019/NSH/8478042.png,https://assets.nhle.com/logos/nhl/svg/NSH_light.svg,viktorarvidsson,30,1993-04-08,Skellefteå,,SWE,SWE,70,185,2014,NSH,4,22,112
167,8476891,Matthew Grzelcyk,BOS,D,https://assets.nhle.com/mugs/nhl/20182019/BOS/8476891.png,https://assets.nhle.com/logos/nhl/svg/BOS_20082009-20222023_light.svg,mattgrzelcyk,29,1994-01-05,Charlestown,MA,USA,USA,70,176,2012,BOS,3,24,85
168,8470607,Brent Seabrook,CHI,D,https://assets.nhle.com/mugs/nhl/20182019/CHI/8470607.png,https://assets.nhle.com/logos/nhl/svg/CHI_light.svg,brentseabrook,38,1985-04-20,Richmond,BC,CAN,CAN,75,220,2003,CHI,1,14,14
169,8475166,John Tavares,TOR,C,https://assets.nhle.com/mugs/nhl/20182019/TOR/8475166.png,https://assets.nhle.com/logos/nhl/svg/TOR_light.svg,johntavares,33,1990-09-20,Mississauga,ON,CAN,CAN,73,216,2009,NYI,1,1,1
170,8477497,Sean Monahan,CGY,C,https://assets.nhle.com/mugs/nhl/20182019/CGY/8477497.png,https://assets.nhle.com/logos/nhl/svg/CGY_19941995-20192020_light.svg,seanmonahan,29,1994-10-12,Brampton,ON,CAN,CAN,74,196,2013,CGY,1,6,6
171,8470794,Joe Pavelski,SJS,C,https://assets.nhle.com/mugs/nhl/20182019/SJS/8470794.png,https://assets.nhle.com/logos/nhl/svg/SJS_light.svg,joepavelski,39,1984-07-11,Plover,WI,USA,USA,71,200,2003,S.J,7,8,205
172,8476881,Tomas Hertl,SJS,C,https://assets.nhle.com/mugs/nhl/20182019/SJS/8476881.png,https://assets.nhle.com/logos/nhl/svg/SJS_light.svg,tomashertl,30,1993-11-12,Praha,,CZE,CZE,75,215,2012,S.J,1,17,17
173,8480035,Henri Jokiharju,CHI,D,https://assets.nhle.com/mugs/nhl/20182019/CHI/8480035.png,https://assets.nhle.com/logos/nhl/svg/CHI_light.svg,henrijokiharju,24,1999-06-17,Oulu,,FIN,FIN,72,200,2017,CHI,1,29,29
174,8477933,Sam Reinhart,BUF,C,https://assets.nhle.com/mugs/nhl/20182019/BUF/8477933.png,https://assets.nhle.com/logos/nhl/svg/BUF_20102011-20192020_light.svg,samreinhart,28,1995-11-06,West Vancouver,BC,CAN,CAN,74,193,2014,BUF,1,2,2
175,8476931,Jake McCabe,BUF,D,https://assets.nhle.com/mugs/nhl/20182019/BUF/8476931.png,https://assets.nhle.com/logos/nhl/svg/BUF_20102011-20192020_light.svg,jakemccabe,30,1993-10-12,Eau Claire,WI,USA,USA,73,204,2012,BUF,2,14,44
176,8474031,Kevin Shattenkirk,NYR,D,https://assets.nhle.com/mugs/nhl/20182019/NYR/8474031.png,https://assets.nhle.com/logos/nhl/svg/NYR_light.svg,kevinshattenkirk,34,1989-01-29,New Rochelle,NY,USA,USA,72,212,2007,COL,1,14,14
177,8478010,Brayden Point,TBL,C,https://assets.nhle.com/mugs/nhl/20182019/TBL/8478010.png,https://assets.nhle.com/logos/nhl/svg/TBL_light.svg,braydenpoint,27,1996-03-13,Calgary,AB,CAN,CAN,71,180,2014,T.B,3,19,79
178,8479320,Maxime Lajoie,OTT,D,https://assets.nhle.com/mugs/nhl/20182019/OTT/8479320.png,https://assets.nhle.com/logos/nhl/svg/OTT_20072008-20192020_light.svg,maxlajoie,26,1997-11-05,Quebec City,QC,CAN,CAN,73,196,2016,OTT,5,12,133
179,8477851,Jordan Oesterle,ARI,D,https://assets.nhle.com/mugs/nhl/20182019/ARI/8477851.png,https://assets.nhle.com/logos/nhl/svg/ARI_20142015-20202021_light.svg,jordanoesterle,31,1992-06-25,Dearborn Heights,MI,USA,USA,72,187,-,-,-,-,-
180,8476456,Jonathan Huberdeau,FLA,C,https://assets.nhle.com/mugs/nhl/20182019/FLA/8476456.png,https://assets.nhle.com/logos/nhl/svg/FLA_light.svg,jonathanhuberdeau,30,1993-06-04,Saint-Jerome,QC,CAN,CAN,73,200,2011,FLA,1,3,3
181,8476448,William Karlsson,VGK,C,https://assets.nhle.com/mugs/nhl/20182019/VGK/8476448.png,https://assets.nhle.com/logos/nhl/svg/VGK_light.svg,willkarlsson,30,1993-01-08,Marsta,,SWE,SWE,72,190,2011,ANA,2,23,53
182,8475168,Matt Duchene,CBJ,C,https://assets.nhle.com/mugs/nhl/20182019/CBJ/8475168.png,https://assets.nhle.com/logos/nhl/svg/CBJ_light.svg,mattduchene,32,1991-01-16,Haliburton,ON,CAN,CAN,71,195,2009,COL,1,3,3
183,8470187,Johnny Boychuk,NYI,D,https://assets.nhle.com/mugs/nhl/20182019/NYI/8470187.png,https://assets.nhle.com/logos/nhl/svg/NYI_light.svg,johnnyboychuk,39,1984-01-19,Edmonton,AB,CAN,CAN,74,227,2002,COL,2,31,61
184,8471215,Evgeni Malkin,PIT,C,https://assets.nhle.com/mugs/nhl/20182019/PIT/8471215.png,https://assets.nhle.com/logos/nhl/svg/PIT_light.svg,evgenimalkin,37,1986-07-31,Magnitogorsk,,RUS,RUS,75,195,2004,PIT,1,2,2
185,8475744,Evgeny Kuznetsov,WSH,C,https://assets.nhle.com/mugs/nhl/20182019/WSH/8475744.png,https://assets.nhle.com/logos/nhl/svg/WSH_light.svg,evgenykuznetsov,31,1992-05-19,Chelyabinsk,,RUS,RUS,74,207,2010,WSH,1,26,26
186,8475186,John Moore,BOS,D,https://assets.nhle.com/mugs/nhl/20182019/BOS/8475186.png,https://assets.nhle.com/logos/nhl/svg/BOS_20082009-20222023_light.svg,johnmoore,33,1990-11-19,Winnetka,IL,USA,USA,75,207,2009,CBJ,1,21,21
187,8477956,David Pastrnak,BOS,R,https://assets.nhle.com/mugs/nhl/20182019/BOS/8477956.png,https://assets.nhle.com/logos/nhl/svg/BOS_20082009-20222023_light.svg,davidpastrnak,27,1996-05-25,Havirov,,CZE,CZE,73,195,2014,BOS,1,25,25
188,8476429,Scott Mayfield,NYI,D,https://assets.nhle.com/mugs/nhl/20182019/NYI/8476429.png,https://assets.nhle.com/logos/nhl/svg/NYI_light.svg,scottmayfield,31,1992-10-14,St. Louis,MO,USA,USA,77,220,2011,NYI,2,4,34
189,8476422,Mike Reilly,MTL,D,https://assets.nhle.com/mugs/nhl/20182019/MTL/8476422.png,https://assets.nhle.com/logos/nhl/svg/MTL_light.svg,michaelreilly,30,1993-07-13,Chicago,IL,USA,USA,73,196,2011,CBJ,4,7,98
190,8474161,Jakub Voracek,PHI,R,https://assets.nhle.com/mugs/nhl/20182019/PHI/8474161.png,https://assets.nhle.com/logos/nhl/svg/PHI_19992000-20222023_light.svg,jakubvoracek,34,1989-08-15,Kladno,,CZE,CZE,74,216,2007,CBJ,1,7,7
191,8470610,Zach Parise,MIN,L,https://assets.nhle.com/mugs/nhl/20182019/MIN/8470610.png,https://assets.nhle.com/logos/nhl/svg/MIN_light.svg,zachparise,39,1984-07-28,Minneapolis,MN,USA,USA,71,195,2003,N.J,1,17,17
192,8476917,Adam Pelech,NYI,D,https://assets.nhle.com/mugs/nhl/20182019/NYI/8476917.png,https://assets.nhle.com/logos/nhl/svg/NYI_light.svg,adampelech,29,1994-08-16,Toronto,ON,CAN,CAN,75,210,2012,NYI,3,4,65
193,8476887,Filip Forsberg,NSH,L,https://assets.nhle.com/mugs/nhl/20182019/NSH/8476887.png,https://assets.nhle.com/logos/nhl/svg/NSH_light.svg,filipforsberg,29,1994-08-13,Ostervala,,SWE,SWE,73,205,2012,WSH,1,11,11
194,8475279,Ben Chiarot,WPG,D,https://assets.nhle.com/mugs/nhl/20182019/WPG/8475279.png,https://assets.nhle.com/logos/nhl/svg/WPG_light.svg,benchiarot,32,1991-05-09,Hamilton,ON,CAN,CAN,75,232,2009,ATL,4,29,120
195,8471698,T.J. Oshie,WSH,R,https://assets.nhle.com/mugs/nhl/20182019/WSH/8471698.png,https://assets.nhle.com/logos/nhl/svg/WSH_light.svg,tjoshie,36,1986-12-23,Everett,WA,USA,USA,72,187,2005,STL,1,24,24
196,8477472,Carl Dahlstrom,CHI,D,https://assets.nhle.com/mugs/nhl/20182019/CHI/8477472.png,https://assets.nhle.com/logos/nhl/svg/CHI_light.svg,carldahlstrom,28,1995-01-28,Stockholm,,SWE,SWE,76,231,2013,CHI,2,21,51
197,8474053,Logan Couture,SJS,C,https://assets.nhle.com/mugs/nhl/20182019/SJS/8474053.png,https://assets.nhle.com/logos/nhl/svg/SJS_light.svg,logancouture,34,1989-03-28,Guelph,ON,CAN,CAN,73,206,2007,S.J,1,9,9
198,8476874,Olli Maatta,PIT,D,https://assets.nhle.com/mugs/nhl/20182019/PIT/8476874.png,https://assets.nhle.com/logos/nhl/svg/PIT_light.svg,ollimaatta,29,1994-08-22,Jyväskylä,,FIN,FIN,74,207,2012,PIT,1,22,22
199,8475170,Brayden Schenn,STL,C,https://assets.nhle.com/mugs/nhl/20182019/STL/8475170.png,https://assets.nhle.com/logos/nhl/svg/STL_light.svg,braydenschenn,32,1991-08-22,Saskatoon,SK,CAN,CAN,73,199,2009,L.A,1,5,5
200,8478176,Joe Hicketts,DET,D,https://assets.nhle.com/mugs/nhl/20182019/DET/8478176.png,https://assets.nhle.com/logos/nhl/svg/DET_light.svg,joehicketts,27,1996-05-04,Kamloops,BC,CAN,CAN,68,180,-,-,-,-,-
201,8470110,Trevor Daley,DET,D,https://assets.nhle.com/mugs/nhl/20182019/DET/8470110.png,https://assets.nhle.com/logos/nhl/svg/DET_light.svg,trevordaley,40,1983-10-09,Toronto,ON,CAN,CAN,71,199,2002,DAL,2,13,43
202,8479318,Auston Matthews,TOR,C,https://assets.nhle.com/mugs/nhl/20182019/TOR/8479318.png,https://assets.nhle.com/logos/nhl/svg/TOR_light.svg,austonmatts,26,1997-09-17,San Ramon,CA,USA,USA,75,208,2016,TOR,1,1,1
203,8475784,Jeff Skinner,BUF,C,https://assets.nhle.com/mugs/nhl/20182019/BUF/8475784.png,https://assets.nhle.com/logos/nhl/svg/BUF_20102011-20192020_light.svg,jeffskinner,31,1992-05-16,Toronto,ON,CAN,CAN,71,197,2010,CAR,1,7,7
204,8475177,Calvin de Haan,CAR,D,https://assets.nhle.com/mugs/nhl/20182019/CAR/8475177.png,https://assets.nhle.com/logos/nhl/svg/CAR_light.svg,calvindehaan,32,1991-05-09,Carp,ON,CAN,CAN,73,195,2009,NYI,1,12,12
205,8474066,Thomas Hickey,NYI,D,https://assets.nhle.com/mugs/nhl/20182019/NYI/8474066.png,https://assets.nhle.com/logos/nhl/svg/NYI_light.svg,thomashickey,34,1989-02-08,Calgary,AB,CAN,CAN,72,185,2007,L.A,1,4,4
206,8476483,Rickard Rakell,ANA,R,https://assets.nhle.com/mugs/nhl/20182019/ANA/8476483.png,https://assets.nhle.com/logos/nhl/svg/ANA_20132014-20232024_light.svg,rickardrakell,30,1993-05-05,Sundbyberg,,SWE,SWE,73,195,2011,ANA,1,30,30
207,8470638,Patrice Bergeron,BOS,C,https://assets.nhle.com/mugs/nhl/20182019/BOS/8470638.png,https://assets.nhle.com/logos/nhl/svg/BOS_20082009-20222023_light.svg,patricebergeron,38,1985-07-24,Ancienne-Lorette,QC,CAN,CAN,73,196,2003,BOS,2,15,45
208,8475169,Evander Kane,SJS,L,https://assets.nhle.com/mugs/nhl/20182019/SJS/8475169.png,https://assets.nhle.com/logos/nhl/svg/SJS_light.svg,evanderkane,32,1991-08-02,Vancouver,BC,CAN,CAN,74,210,2009,ATL,1,4,4
209,8475765,Vladimir Tarasenko,STL,R,https://assets.nhle.com/mugs/nhl/20182019/STL/8475765.png,https://assets.nhle.com/logos/nhl/svg/STL_light.svg,vladimirtarasenko,32,1991-12-13,Yaroslavl,,RUS,RUS,73,228,2010,STL,1,16,16
210,8474149,Evgenii Dadonov,FLA,R,https://assets.nhle.com/mugs/nhl/20182019/FLA/8474149.png,https://assets.nhle.com/logos/nhl/svg/FLA_light.svg,evgenydadonov,34,1989-03-12,Chelyabinsk,,RUS,RUS,71,189,2007,FLA,3,10,71
211,8475246,Kevin Connauton,ARI,D,https://assets.nhle.com/mugs/nhl/20182019/ARI/8475246.png,https://assets.nhle.com/logos/nhl/svg/ARI_20142015-20202021_light.svg,kevinconnauton,33,1990-02-23,Edmonton,AB,CAN,CAN,74,205,2009,VAN,3,22,83
212,8475798,Mikael Granlund,NSH,C,https://assets.nhle.com/mugs/nhl/20182019/NSH/8475798.png,https://assets.nhle.com/logos/nhl/svg/NSH_light.svg,mikaelgranlund,31,1992-02-26,Oulu,,FIN,FIN,70,185,2010,MIN,1,9,9
213,8474564,Steven Stamkos,TBL,C,https://assets.nhle.com/mugs/nhl/20182019/TBL/8474564.png,https://assets.nhle.com/logos/nhl/svg/TBL_light.svg,stevenstamkos,33,1990-02-07,Markham,ON,CAN,CAN,72,182,2008,T.B,1,1,1
214,8469459,Mikko Koivu,MIN,C,https://assets.nhle.com/mugs/nhl/20182019/MIN/8469459.png,https://assets.nhle.com/logos/nhl/svg/MIN_light.svg,mikkokoivu,40,1983-03-12,Turku,,FIN,FIN,75,213,2001,MIN,1,6,6
215,8474207,Nick Holden,VGK,D,https://assets.nhle.com/mugs/nhl/20182019/VGK/8474207.png,https://assets.nhle.com/logos/nhl/svg/VGK_light.svg,nickholden,36,1987-05-15,St. Albert,AB,CAN,CAN,76,210,-,-,-,-,-
216,8473533,Jordan Staal,CAR,C,https://assets.nhle.com/mugs/nhl/20182019/CAR/8473533.png,https://assets.nhle.com/logos/nhl/svg/CAR_light.svg,jordanstaal,35,1988-09-10,Thunder Bay,ON,CAN,CAN,76,220,2006,PIT,1,2,2
217,8475763,Kevin Hayes,WPG,R,https://assets.nhle.com/mugs/nhl/20182019/WPG/8475763.png,https://assets.nhle.com/logos/nhl/svg/WPG_light.svg,kevinhayes,31,1992-05-08,Dorchester,MA,USA,USA,77,216,2010,CHI,1,24,24
218,8475191,Reilly Smith,VGK,R,https://assets.nhle.com/mugs/nhl/20182019/VGK/8475191.png,https://assets.nhle.com/logos/nhl/svg/VGK_light.svg,reillysmith,32,1991-04-01,Toronto,ON,CAN,CAN,73,185,2009,DAL,3,8,69
219,8475796,Mark Pysyk,FLA,D,https://assets.nhle.com/mugs/nhl/20182019/FLA/8475796.png,https://assets.nhle.com/logos/nhl/svg/FLA_light.svg,markpysyk,31,1992-01-11,Sherwood Park,AB,CAN,CAN,73,198,2010,BUF,1,23,23
220,8479395,Dennis Cholowski,DET,D,https://assets.nhle.com/mugs/nhl/20182019/DET/8479395.png,https://assets.nhle.com/logos/nhl/svg/DET_light.svg,dennischolowski,25,1998-02-15,Langley,BC,CAN,CAN,74,210,2016,DET,1,20,20
221,8479343,Clayton Keller,ARI,R,https://assets.nhle.com/mugs/nhl/20182019/ARI/8479343.png,https://assets.nhle.com/logos/nhl/svg/ARI_20142015-20202021_light.svg,claytonkeller,25,1998-07-29,Chesterfield,MO,USA,USA,70,178,2016,ARI,1,7,7
222,8475790,Erik Gudbranson,PIT,D,https://assets.nhle.com/mugs/nhl/20182019/PIT/8475790.png,https://assets.nhle.com/logos/nhl/svg/PIT_light.svg,erikgudbranson,31,1992-01-07,Ottawa,ON,CAN,CAN,77,222,2010,FLA,1,3,3
223,8473994,Jamie Benn,DAL,L,https://assets.nhle.com/mugs/nhl/20182019/DAL/8473994.png,https://assets.nhle.com/logos/nhl/svg/DAL_20122013-20202021_light.svg,jamiebenn,34,1989-07-18,Victoria,BC,CAN,CAN,74,205,2007,DAL,5,8,129
224,8480012,Elias Pettersson,VAN,C,https://assets.nhle.com/mugs/nhl/20182019/VAN/8480012.png,https://assets.nhle.com/logos/nhl/svg/VAN_20072008-20182019_light.svg,eliaspetterssonC,25,1998-11-12,Sundsvall,,SWE,SWE,74,176,2017,VAN,1,5,5
225,8474818,Jordie Benn,MTL,D,https://assets.nhle.com/mugs/nhl/20182019/MTL/8474818.png,https://assets.nhle.com/logos/nhl/svg/MTL_light.svg,jordiebenn,36,1987-07-26,Victoria,BC,CAN,CAN,74,201,-,-,-,-,-
226,8479945,Gavin Bayreuther,DAL,D,https://assets.nhle.com/mugs/nhl/20182019/DAL/8479945.png,https://assets.nhle.com/logos/nhl/svg/DAL_20122013-20202021_light.svg,gavinbayreuther,29,1994-05-12,Canaan,NH,USA,USA,73,196,-,-,-,-,-
227,8470604,Jeff Carter,LAK,C,https://assets.nhle.com/mugs/nhl/20182019/LAK/8470604.png,https://assets.nhle.com/logos/nhl/svg/LAK_20112012-20182019_light.svg,jeffcarter,38,1985-01-01,London,ON,CAN,CAN,75,219,2003,PHI,1,11,11
228,8475151,Kyle Palmieri,NJD,C,https://assets.nhle.com/mugs/nhl/20182019/NJD/8475151.png,https://assets.nhle.com/logos/nhl/svg/NJD_light.svg,kylepalmieri,32,1991-02-01,Smithtown,NY,USA,USA,71,198,2009,ANA,1,26,26
229,8476539,Jonathan Marchessault,VGK,R,https://assets.nhle.com/mugs/nhl/20182019/VGK/8476539.png,https://assets.nhle.com/logos/nhl/svg/VGK_light.svg,jonathanmarchessault,32,1990-12-27,Cap-Rouge,QC,CAN,CAN,69,183,-,-,-,-,-
230,8476880,Tom Wilson,WSH,R,https://assets.nhle.com/mugs/nhl/20182019/WSH/8476880.png,https://assets.nhle.com/logos/nhl/svg/WSH_light.svg,tomwilson,29,1994-03-29,Toronto,ON,CAN,CAN,76,220,2012,WSH,1,16,16
231,8475768,Jaden Schwartz,STL,C,https://assets.nhle.com/mugs/nhl/20182019/STL/8475768.png,https://assets.nhle.com/logos/nhl/svg/STL_light.svg,jadenschwartz,31,1992-06-25,Wilcox,SK,CAN,CAN,70,185,2010,STL,1,14,14
232,8470595,Eric Staal,MIN,C,https://assets.nhle.com/mugs/nhl/20182019/MIN/8470595.png,https://assets.nhle.com/logos/nhl/svg/MIN_light.svg,ericstaal,39,1984-10-29,Thunder Bay,ON,CAN,CAN,76,195,2003,CAR,1,2,2
233,8471669,Paul Stastny,VGK,C,https://assets.nhle.com/mugs/nhl/20182019/VGK/8471669.png,https://assets.nhle.com/logos/nhl/svg/VGK_light.svg,paulstastny,37,1985-12-27,Quebec City,QC,CAN,USA,72,193,2005,COL,2,14,44
234,8480002,Nico Hischier,NJD,C,https://assets.nhle.com/mugs/nhl/20182019/NJD/8480002.png,https://assets.nhle.com/logos/nhl/svg/NJD_light.svg,nicohischier,24,1999-01-04,Brig,,CHE,CHE,73,175,2017,N.J,1,1,1
235,8480800,Quinn Hughes,VAN,D,https://assets.nhle.com/mugs/nhl/20182019/VAN/8480800.png,https://assets.nhle.com/logos/nhl/svg/VAN_20072008-20182019_light.svg,quinnhughes,24,1999-10-14,Orlando,FL,USA,USA,70,180,2018,VAN,1,7,7
236,8477509,Mirco Mueller,NJD,D,https://assets.nhle.com/mugs/nhl/20182019/NJD/8477509.png,https://assets.nhle.com/logos/nhl/svg/NJD_light.svg,mircomueller,28,1995-03-21,Winterthur,,CHE,CHE,75,210,2013,S.J,1,18,18
237,8480073,Erik Brannstrom,OTT,D,https://assets.nhle.com/mugs/nhl/20182019/OTT/8480073.png,https://assets.nhle.com/logos/nhl/svg/OTT_20072008-20192020_light.svg,erikbrannstrom,24,1999-09-02,Eksjo,,SWE,SWE,70,185,2017,VGK,1,15,15
238,8478109,Victor Olofsson,BUF,L,https://assets.nhle.com/mugs/nhl/20182019/BUF/8478109.png,https://assets.nhle.com/logos/nhl/svg/BUF_20102011-20192020_light.svg,victorolofsson,28,1995-07-18,Ornskoldsvik,,SWE,SWE,71,181,2014,BUF,7,1,181
239,8473548,Phil Kessel,PIT,R,https://assets.nhle.com/mugs/nhl/20182019/PIT/8473548.png,https://assets.nhle.com/logos/nhl/svg/PIT_light.svg,philkessel,36,1987-10-02,Madison,WI,USA,USA,71,208,2006,BOS,1,5,5
240,8475754,Brock Nelson,NYI,C,https://assets.nhle.com/mugs/nhl/20182019/NYI/8475754.png,https://assets.nhle.com/logos/nhl/svg/NYI_light.svg,brocknelson,32,1991-10-15,Warroad,MN,USA,USA,76,210,2010,NYI,1,30,30
241,8479410,Mikhail Sergachev,TBL,D,https://assets.nhle.com/mugs/nhl/20182019/TBL/8479410.png,https://assets.nhle.com/logos/nhl/svg/TBL_light.svg,mikhailsergachev,25,1998-06-25,Nizhnekamsk,,RUS,RUS,73,217,2016,MTL,1,9,9
242,8478445,Mathew Barzal,NYI,C,https://assets.nhle.com/mugs/nhl/20182019/NYI/8478445.png,https://assets.nhle.com/logos/nhl/svg/NYI_light.svg,mattbarzal,26,1997-05-26,Coquitlam,BC,CAN,CAN,73,190,2015,NYI,1,16,16
243,8476882,Teuvo Teravainen,CAR,C,https://assets.nhle.com/mugs/nhl/20182019/CAR/8476882.png,https://assets.nhle.com/logos/nhl/svg/CAR_light.svg,teuvoteravainen,29,1994-09-11,Helsinki,,FIN,FIN,71,191,2012,CHI,1,18,18
244,8478038,Devon Toews,NYI,D,https://assets.nhle.com/mugs/nhl/20182019/NYI/8478038.png,https://assets.nhle.com/logos/nhl/svg/NYI_light.svg,devontoews,29,1994-02-21,Abbotsford,BC,CAN,CAN,73,191,2014,NYI,4,18,108
245,8474150,Mikael Backlund,CGY,C,https://assets.nhle.com/mugs/nhl/20182019/CGY/8474150.png,https://assets.nhle.com/logos/nhl/svg/CGY_19941995-20192020_light.svg,mikaelbacklund,34,1989-03-17,Vasteras,,SWE,SWE,72,206,2007,CGY,1,24,24
246,8475750,Jon Merrill,VGK,D,https://assets.nhle.com/mugs/nhl/20182019/VGK/8475750.png,https://assets.nhle.com/logos/nhl/svg/VGK_light.svg,jonmerrill,31,1992-02-03,Oklahoma City,OK,USA,USA,75,204,2010,N.J,2,8,38
247,8475462,Radko Gudas,PHI,D,https://assets.nhle.com/mugs/nhl/20182019/PHI/8475462.png,https://assets.nhle.com/logos/nhl/svg/PHI_19992000-20222023_light.svg,radkogudas,33,1990-06-05,Prague,,CZE,CZE,72,208,2010,T.B,3,6,66
248,8476419,Jean-Gabriel Pageau,OTT,C,https://assets.nhle.com/mugs/nhl/20182019/OTT/8476419.png,https://assets.nhle.com/logos/nhl/svg/OTT_20072008-20192020_light.svg,jeangabrielpageau,31,1992-11-11,Ottawa,ON,CAN,CAN,71,185,2011,OTT,4,5,96
249,8476967,Brett Kulak,MTL,D,https://assets.nhle.com/mugs/nhl/20182019/MTL/8476967.png,https://assets.nhle.com/logos/nhl/svg/MTL_light.svg,brettkulak,29,1994-01-06,Edmonton,AB,CAN,CAN,73,197,2012,CGY,4,14,105
250,8474884,Mike Hoffman,FLA,C,https://assets.nhle.com/mugs/nhl/20182019/FLA/8474884.png,https://assets.nhle.com/logos/nhl/svg/FLA_light.svg,michaelhoffman,34,1989-11-24,Kitchener,ON,CAN,CAN,72,190,2009,OTT,5,9,130
251,8477951,Nick Schmaltz,ARI,C,https://assets.nhle.com/mugs/nhl/20182019/ARI/8477951.png,https://assets.nhle.com/logos/nhl/svg/ARI_20142015-20202021_light.svg,nickschmaltz,27,1996-02-23,Madison,WI,USA,USA,72,181,2014,CHI,1,20,20
252,8477511,Anthony Mantha,DET,R,https://assets.nhle.com/mugs/nhl/20182019/DET/8477511.png,https://assets.nhle.com/logos/nhl/svg/DET_light.svg,anthonymantha,29,1994-09-16,Longueuil,QC,CAN,CAN,77,234,2013,DET,1,20,20
253,8471958,Dan Girardi,TBL,D,https://assets.nhle.com/mugs/nhl/20182019/TBL/8471958.png,https://assets.nhle.com/logos/nhl/svg/TBL_light.svg,dangirardi,39,1984-04-29,Welland,ON,CAN,CAN,73,212,-,-,-,-,-
254,8476479,Phillip Danault,MTL,C,https://assets.nhle.com/mugs/nhl/20182019/MTL/8476479.png,https://assets.nhle.com/logos/nhl/svg/MTL_light.svg,phillipdanault,30,1993-02-24,Victoriaville,QC,CAN,CAN,73,200,2011,CHI,1,26,26
255,8479376,Victor Mete,MTL,D,https://assets.nhle.com/mugs/nhl/20182019/MTL/8479376.png,https://assets.nhle.com/logos/nhl/svg/MTL_light.svg,victormete,25,1998-06-07,Woodbridge,ON,CAN,CAN,69,187,2016,MTL,4,9,100
256,8476191,Kevan Miller,BOS,D,https://assets.nhle.com/mugs/nhl/20182019/BOS/8476191.png,https://assets.nhle.com/logos/nhl/svg/BOS_20082009-20222023_light.svg,kevanmiller,36,1987-11-15,Los Angeles,CA,USA,USA,74,210,-,-,-,-,-
257,8475455,Brenden Dillon,SJS,D,https://assets.nhle.com/mugs/nhl/20182019/SJS/8475455.png,https://assets.nhle.com/logos/nhl/svg/SJS_light.svg,brendendillon,33,1990-11-13,New Westminster,BC,CAN,CAN,76,224,-,-,-,-,-
258,8479400,Pierre-Luc Dubois,CBJ,L,https://assets.nhle.com/mugs/nhl/20182019/CBJ/8479400.png,https://assets.nhle.com/logos/nhl/svg/CBJ_light.svg,pierrelucdubois,25,1998-06-24,Ste-Agathe-Des-Monts,QC,CAN,CAN,76,214,2016,CBJ,1,3,3
259,8477365,Connor Clifton,BOS,D,https://assets.nhle.com/mugs/nhl/20182019/BOS/8477365.png,https://assets.nhle.com/logos/nhl/svg/BOS_20082009-20222023_light.svg,connorclifton,28,1995-04-28,Long Branch,NJ,USA,USA,71,190,2013,PHX,5,12,133
260,8473422,Nick Foligno,CBJ,L,https://assets.nhle.com/mugs/nhl/20182019/CBJ/8473422.png,https://assets.nhle.com/logos/nhl/svg/CBJ_light.svg,nickfoligno,36,1987-10-31,Buffalo,NY,USA,USA,72,210,2006,OTT,1,28,28
261,8479337,Alex DeBrincat,CHI,R,https://assets.nhle.com/mugs/nhl/20182019/CHI/8479337.png,https://assets.nhle.com/logos/nhl/svg/CHI_light.svg,alexdebrincat,25,1997-12-18,Farmington Hills,MI,USA,USA,68,178,2016,CHI,2,9,39
262,8476438,Brandon Saad,CHI,L,https://assets.nhle.com/mugs/nhl/20182019/CHI/8476438.png,https://assets.nhle.com/logos/nhl/svg/CHI_light.svg,brandonsaad,31,1992-10-27,Pittsburgh,PA,USA,USA,73,215,2011,CHI,2,13,43
263,8478906,Markus Nutivaara,CBJ,D,https://assets.nhle.com/mugs/nhl/20182019/CBJ/8478906.png,https://assets.nhle.com/logos/nhl/svg/CBJ_light.svg,markusnutivaara,29,1994-06-06,Oulu,,FIN,FIN,73,187,2015,CBJ,7,8,189
264,8471276,David Krejci,BOS,C,https://assets.nhle.com/mugs/nhl/20182019/BOS/8471276.png,https://assets.nhle.com/logos/nhl/svg/BOS_20082009-20222023_light.svg,davidkrejci,37,1986-04-28,Sternberk,,CZE,CZE,72,192,2004,BOS,2,33,63
265,8473415,Alex Biega,VAN,D,https://assets.nhle.com/mugs/nhl/20182019/VAN/8473415.png,https://assets.nhle.com/logos/nhl/svg/VAN_20072008-20182019_light.svg,alexbiega,35,1988-04-04,Montreal,QC,CAN,CAN,70,195,2006,BUF,5,24,147
266,8477433,Ben Harpur,OTT,D,https://assets.nhle.com/mugs/nhl/20182019/OTT/8477433.png,https://assets.nhle.com/logos/nhl/svg/OTT_20072008-20192020_light.svg,benharpur,28,1995-01-12,Hamilton,ON,CAN,CAN,78,231,2013,OTT,4,17,108
267,8474618,Marco Scandella,BUF,D,https://assets.nhle.com/mugs/nhl/20182019/BUF/8474618.png,https://assets.nhle.com/logos/nhl/svg/BUF_20102011-20192020_light.svg,marcoscandella,33,1990-02-23,Montreal,QC,CAN,CAN,75,212,2008,MIN,2,25,55
268,8479314,Matthew Tkachuk,CGY,L,https://assets.nhle.com/mugs/nhl/20182019/CGY/8479314.png,https://assets.nhle.com/logos/nhl/svg/CGY_19941995-20192020_light.svg,matttkachuk,26,1997-12-11,Scottsdale,AZ,USA,USA,74,201,2016,CGY,1,6,6
269,8478407,Vince Dunn,STL,D,https://assets.nhle.com/mugs/nhl/20182019/STL/8478407.png,https://assets.nhle.com/logos/nhl/svg/STL_light.svg,vincedunn,27,1996-10-29,Mississauga,ON,CAN,CAN,72,200,2015,STL,2,26,56
270,8474679,Gustav Nyquist,SJS,C,https://assets.nhle.com/mugs/nhl/20182019/SJS/8474679.png,https://assets.nhle.com/logos/nhl/svg/SJS_light.svg,gustavnyquist,34,1989-09-01,Halmstad,,SWE,SWE,71,180,2008,DET,4,30,121
271,8477456,J.T. Compher,COL,L,https://assets.nhle.com/mugs/nhl/20182019/COL/8477456.png,https://assets.nhle.com/logos/nhl/svg/COL_light.svg,jtcompher,28,1995-04-08,Northbrook,IL,USA,USA,72,190,2013,BUF,2,5,35
272,8474091,Brandon Sutter,VAN,C,https://assets.nhle.com/mugs/nhl/20182019/VAN/8474091.png,https://assets.nhle.com/logos/nhl/svg/VAN_20072008-20182019_light.svg,brandonsutter,34,1989-02-14,Huntington,NY,USA,CAN,75,190,2007,CAR,1,11,11
273,8471262,Carl Soderberg,COL,C,https://assets.nhle.com/mugs/nhl/20182019/COL/8471262.png,https://assets.nhle.com/logos/nhl/svg/COL_light.svg,carlsoderberg,38,1985-10-12,Malmö,,SWE,SWE,75,210,2004,STL,2,19,49
274,8468508,Justin Williams,CAR,R,https://assets.nhle.com/mugs/nhl/20182019/CAR/8468508.png,https://assets.nhle.com/logos/nhl/svg/CAR_light.svg,justinwills,42,1981-10-04,Cobourg,ON,CAN,CAN,73,184,2000,PHI,1,28,28
275,8480935,Lawrence Pilut,BUF,D,https://assets.nhle.com/mugs/nhl/20182019/BUF/8480935.png,https://assets.nhle.com/logos/nhl/svg/BUF_20102011-20192020_light.svg,lawrencepilut,27,1995-12-30,Tingsryd,,SWE,SWE,71,194,-,-,-,-,-
276,8475184,Chris Kreider,NYR,L,https://assets.nhle.com/mugs/nhl/20182019/NYR/8475184.png,https://assets.nhle.com/logos/nhl/svg/NYR_light.svg,chriskreider,32,1991-04-30,Boxford,MA,USA,USA,75,230,2009,NYR,1,19,19
277,8477503,Max Domi,MTL,C,https://assets.nhle.com/mugs/nhl/20182019/MTL/8477503.png,https://assets.nhle.com/logos/nhl/svg/MTL_light.svg,maxdomi,28,1995-03-02,Winnipeg,MB,CAN,CAN,70,194,2013,PHX,1,12,12
278,8478846,Christian Wolanin,OTT,D,https://assets.nhle.com/mugs/nhl/20182019/OTT/8478846.png,https://assets.nhle.com/logos/nhl/svg/OTT_20072008-20192020_light.svg,christianwolanin,28,1995-03-17,Quebec City,QC,CAN,CAN,74,190,2015,OTT,4,16,107
279,8478408,Travis Dermott,TOR,D,https://assets.nhle.com/mugs/nhl/20182019/TOR/8478408.png,https://assets.nhle.com/logos/nhl/svg/TOR_light.svg,travisdermott,26,1996-12-22,Newmarket,ON,CAN,CAN,72,202,2015,TOR,2,4,34
280,8473991,Karl Alzner,MTL,D,https://assets.nhle.com/mugs/nhl/20182019/MTL/8473991.png,https://assets.nhle.com/logos/nhl/svg/MTL_light.svg,karlalzner,35,1988-09-24,Burnaby,BC,CAN,CAN,75,213,2007,WSH,1,5,5
281,8475786,Zach Hyman,TOR,L,https://assets.nhle.com/mugs/nhl/20182019/TOR/8475786.png,https://assets.nhle.com/logos/nhl/svg/TOR_light.svg,zachhyman,31,1992-06-09,Toronto,ON,CAN,CAN,73,211,2010,FLA,5,3,123
282,8476368,Fredrik Claesson,NYR,D,https://assets.nhle.com/mugs/nhl/20182019/NYR/8476368.png,https://assets.nhle.com/logos/nhl/svg/NYR_light.svg,fredrikclaesson,31,1992-11-24,Stockholm,,SWE,SWE,73,196,2011,OTT,5,5,126
283,8479339,Patrik Laine,WPG,L,https://assets.nhle.com/mugs/nhl/20182019/WPG/8479339.png,https://assets.nhle.com/logos/nhl/svg/WPG_light.svg,patriklaine,25,1998-04-19,Tampere,,FIN,FIN,77,205,2016,WPG,1,2,2
284,8470318,Jonathan Ericsson,DET,D,https://assets.nhle.com/mugs/nhl/20182019/DET/8470318.png,https://assets.nhle.com/logos/nhl/svg/DET_light.svg,jonathanericsson,39,1984-03-02,Karlskrona,,SWE,SWE,76,218,2002,DET,9,31,291
285,8475726,Tyler Toffoli,LAK,C,https://assets.nhle.com/mugs/nhl/20182019/LAK/8475726.png,https://assets.nhle.com/logos/nhl/svg/LAK_20112012-20182019_light.svg,tylertoffoli,31,1992-04-24,Scarborough,ON,CAN,CAN,72,203,2010,L.A,2,17,47
286,8477865,Jake Chelios,DET,D,https://assets.nhle.com/mugs/nhl/20182019/DET/8477865.png,https://assets.nhle.com/logos/nhl/svg/DET_light.svg,jakechelios,32,1991-03-08,Bloomfield Hills,MI,USA,USA,74,185,-,-,-,-,-
287,8477507,Nikita Zadorov,COL,D,https://assets.nhle.com/mugs/nhl/20182019/COL/8477507.png,https://assets.nhle.com/logos/nhl/svg/COL_light.svg,nikitazadorov,28,1995-04-16,Moscow,,RUS,RUS,78,248,2013,BUF,1,16,16
288,8476884,Derrick Pouliot,VAN,D,https://assets.nhle.com/mugs/nhl/20182019/VAN/8476884.png,https://assets.nhle.com/logos/nhl/svg/VAN_20072008-20182019_light.svg,derrickpouliot,29,1994-01-16,Estevan,SK,CAN,CAN,72,196,2012,PIT,1,8,8
289,8478911,Matt Roy,LAK,D,https://assets.nhle.com/mugs/nhl/20182019/LAK/8478911.png,https://assets.nhle.com/logos/nhl/svg/LAK_20112012-20182019_light.svg,mattroy,28,1995-03-01,Detroit,MI,USA,USA,73,205,2015,L.A,7,13,194
290,8474688,Greg Pateryn,MIN,D,https://assets.nhle.com/mugs/nhl/20182019/MIN/8474688.png,https://assets.nhle.com/logos/nhl/svg/MIN_light.svg,gregpateryn,33,1990-06-20,Sterling Heights,MI,USA,USA,75,212,2008,TOR,5,7,128
291,8478454,Noah Juulsen,MTL,D,https://assets.nhle.com/mugs/nhl/20182019/MTL/8478454.png,https://assets.nhle.com/logos/nhl/svg/MTL_light.svg,noahjuulsen,26,1997-04-02,Surrey,BC,CAN,CAN,74,201,2015,MTL,1,26,26
292,8478491,Jacob Larsson,ANA,D,https://assets.nhle.com/mugs/nhl/20182019/ANA/8478491.png,https://assets.nhle.com/logos/nhl/svg/ANA_20132014-20232024_light.svg,jakelarsson,26,1997-04-29,Ljungby,,SWE,SWE,74,193,2015,ANA,1,27,27
293,8475164,Jakob Silfverberg,ANA,R,https://assets.nhle.com/mugs/nhl/20182019/ANA/8475164.png,https://assets.nhle.com/logos/nhl/svg/ANA_20132014-20232024_light.svg,jakobsilfverberg,33,1990-10-13,Gävle,,SWE,SWE,73,207,2009,OTT,2,9,39
294,8474102,David Perron,STL,L,https://assets.nhle.com/mugs/nhl/20182019/STL/8474102.png,https://assets.nhle.com/logos/nhl/svg/STL_light.svg,davidperron,35,1988-05-28,Sherbrooke,QC,CAN,CAN,73,196,2007,STL,1,26,26
295,8475314,Anders Lee,NYI,L,https://assets.nhle.com/mugs/nhl/20182019/NYI/8475314.png,https://assets.nhle.com/logos/nhl/svg/NYI_light.svg,anderslee,33,1990-07-03,Edina,MN,USA,USA,75,235,2009,NYI,6,1,152
296,8473933,Ben Lovejoy,DAL,D,https://assets.nhle.com/mugs/nhl/20182019/DAL/8473933.png,https://assets.nhle.com/logos/nhl/svg/DAL_20122013-20202021_light.svg,benlovejoy,39,1984-02-20,Concord,NH,USA,USA,73,205,-,-,-,-,-
297,8478055,Gustav Forsling,CHI,D,https://assets.nhle.com/mugs/nhl/20182019/CHI/8478055.png,https://assets.nhle.com/logos/nhl/svg/CHI_light.svg,gustavforsling,27,1996-06-12,Linkoping,,SWE,SWE,72,186,2014,VAN,5,6,126
298,8475722,Jason Zucker,MIN,L,https://assets.nhle.com/mugs/nhl/20182019/MIN/8475722.png,https://assets.nhle.com/logos/nhl/svg/MIN_light.svg,jasonzucker,31,1992-01-16,Newport Beach,CA,USA,USA,71,192,2010,MIN,2,29,59
299,8476432,Boone Jenner,CBJ,C,https://assets.nhle.com/mugs/nhl/20182019/CBJ/8476432.png,https://assets.nhle.com/logos/nhl/svg/CBJ_light.svg,boonejenner,30,1993-06-15,Dorchester,ON,CAN,CAN,74,203,2011,CBJ,2,7,37
300,8476919,Chris Tierney,OTT,C,https://assets.nhle.com/mugs/nhl/20182019/OTT/8476919.png,https://assets.nhle.com/logos/nhl/svg/OTT_20072008-20192020_light.svg,christierney,29,1994-07-01,Keswick,ON,CAN,CAN,73,191,2012,S.J,2,25,55
301,8474584,Michael Del Zotto,STL,D,https://assets.nhle.com/mugs/nhl/20182019/STL/8474584.png,https://assets.nhle.com/logos/nhl/svg/STL_light.svg,michaeldelzotto,33,1990-06-24,Stouffville,ON,CAN,CAN,72,195,2008,NYR,1,20,20
302,8476981,Josh Anderson,CBJ,R,https://assets.nhle.com/mugs/nhl/20182019/CBJ/8476981.png,https://assets.nhle.com/logos/nhl/svg/CBJ_light.svg,joshanderson,29,1994-05-07,Burlington,ON,CAN,CAN,75,218,2012,CBJ,4,4,95
303,8476399,Blake Coleman,NJD,C,https://assets.nhle.com/mugs/nhl/20182019/NJD/8476399.png,https://assets.nhle.com/logos/nhl/svg/NJD_light.svg,blakecoleman,32,1991-11-28,Plano,TX,USA,USA,71,199,2011,N.J,3,14,75
304,8476443,Xavier Ouellet,MTL,D,https://assets.nhle.com/mugs/nhl/20182019/MTL/8476443.png,https://assets.nhle.com/logos/nhl/svg/MTL_light.svg,xavierouellet,30,1993-07-29,Bayonne,,FRA,FRA,72,197,2011,DET,2,18,48
305,8474157,Max Pacioretty,VGK,L,https://assets.nhle.com/mugs/nhl/20182019/VGK/8474157.png,https://assets.nhle.com/logos/nhl/svg/VGK_light.svg,maxpacioretty,35,1988-11-20,New Canaan,CT,USA,USA,74,217,2007,MTL,1,22,22
306,8476960,Andreas Athanasiou,DET,C,https://assets.nhle.com/mugs/nhl/20182019/DET/8476960.png,https://assets.nhle.com/logos/nhl/svg/DET_light.svg,andreasathanasiou,29,1994-08-06,London,ON,CAN,CAN,74,190,2012,DET,4,19,110
307,8478414,Timo Meier,SJS,R,https://assets.nhle.com/mugs/nhl/20182019/SJS/8478414.png,https://assets.nhle.com/logos/nhl/svg/SJS_light.svg,timomeier,27,1996-10-08,Herisau,,CHE,CHE,73,220,2015,S.J,1,9,9
308,8475163,Alex Chiasson,EDM,R,https://assets.nhle.com/mugs/nhl/20182019/EDM/8475163.png,https://assets.nhle.com/logos/nhl/svg/EDM_20172018-20212022_light.svg,alexchiasson,33,1990-10-01,Montreal,QC,CAN,CAN,76,208,2009,DAL,2,8,38
309,8477346,MacKenzie Weegar,FLA,D,https://assets.nhle.com/mugs/nhl/20182019/FLA/8477346.png,https://assets.nhle.com/logos/nhl/svg/FLA_light.svg,mackenzieweegar,29,1994-01-07,Ottawa,ON,CAN,CAN,72,206,2013,FLA,7,25,206
310,8477462,Robert Hagg,PHI,D,https://assets.nhle.com/mugs/nhl/20182019/PHI/8477462.png,https://assets.nhle.com/logos/nhl/svg/PHI_19992000-20222023_light.svg,roberthagg,28,1995-02-08,Uppsala,,SWE,SWE,74,210,2013,PHI,2,11,41
311,8470760,Marc Methot,DAL,D,https://assets.nhle.com/mugs/nhl/20182019/DAL/8470760.png,https://assets.nhle.com/logos/nhl/svg/DAL_20122013-20202021_light.svg,marcmethot,38,1985-06-21,Ottawa,ON,CAN,CAN,76,230,2003,CBJ,6,1,168
312,8477494,Jonathan Drouin,MTL,L,https://assets.nhle.com/mugs/nhl/20182019/MTL/8477494.png,https://assets.nhle.com/logos/nhl/svg/MTL_light.svg,jonathandrouin,28,1995-03-28,Ste-Agathe,QC,CAN,CAN,71,198,2013,T.B,1,3,3
313,8480113,Alex Iafallo,LAK,L,https://assets.nhle.com/mugs/nhl/20182019/LAK/8480113.png,https://assets.nhle.com/logos/nhl/svg/LAK_20112012-20182019_light.svg,alexiafallo,29,1993-12-21,Eden,NY,USA,USA,72,200,-,-,-,-,-
314,8474573,Josh Bailey,NYI,R,https://assets.nhle.com/mugs/nhl/20182019/NYI/8474573.png,https://assets.nhle.com/logos/nhl/svg/NYI_light.svg,joshbailey,34,1989-10-02,Bowmanville,ON,CAN,CAN,73,200,2008,NYI,1,9,9
315,8476288,Ryan Dzingel,CBJ,C,https://assets.nhle.com/mugs/nhl/20182019/CBJ/8476288.png,https://assets.nhle.com/logos/nhl/svg/CBJ_light.svg,ryandzingel,31,1992-03-09,Wheaton,IL,USA,USA,72,190,2011,OTT,7,23,204
316,8476941,Connor Carrick,NJD,D,https://assets.nhle.com/mugs/nhl/20182019/NJD/8476941.png,https://assets.nhle.com/logos/nhl/svg/NJD_light.svg,connorcarrick,29,1994-04-13,Orland Park,IL,USA,USA,70,198,2012,WSH,5,16,137
317,8475745,Charlie Coyle,BOS,C,https://assets.nhle.com/mugs/nhl/20182019/BOS/8475745.png,https://assets.nhle.com/logos/nhl/svg/BOS_20082009-20222023_light.svg,charliecoyle,31,1992-03-02,E. Weymouth,MA,USA,USA,75,223,2010,S.J,1,28,28
318,8477949,Alex Tuch,VGK,R,https://assets.nhle.com/mugs/nhl/20182019/VGK/8477949.png,https://assets.nhle.com/logos/nhl/svg/VGK_light.svg,alextuch,27,1996-05-10,Syracuse,NY,USA,USA,76,219,2014,MIN,1,18,18
319,8480157,Calle Rosen,TOR,D,https://assets.nhle.com/mugs/nhl/20182019/TOR/8480157.png,https://assets.nhle.com/logos/nhl/svg/TOR_light.svg,callerosen,29,1994-02-02,Vaxjo,,SWE,SWE,73,188,-,-,-,-,-
320,8480945,Juuso Riikola,PIT,D,https://assets.nhle.com/mugs/nhl/20182019/PIT/8480945.png,https://assets.nhle.com/logos/nhl/svg/PIT_light.svg,juusoriikola,30,1993-11-09,Joensuu,,FIN,,72,189,-,-,-,-,-
321,8477969,Marcus Pettersson,PIT,D,https://assets.nhle.com/mugs/nhl/20182019/PIT/8477969.png,https://assets.nhle.com/logos/nhl/svg/PIT_light.svg,marcuspettersson,27,1996-05-08,Skellefteå,,SWE,SWE,75,177,2014,ANA,2,8,38
322,8470144,Frans Nielsen,DET,C,https://assets.nhle.com/mugs/nhl/20182019/DET/8470144.png,https://assets.nhle.com/logos/nhl/svg/DET_light.svg,fransnielsen,39,1984-04-24,Herning,,DNK,DNK,73,186,2002,NYI,3,24,87
323,8477463,Steven Santini,NJD,D,https://assets.nhle.com/mugs/nhl/20182019/NJD/8477463.png,https://assets.nhle.com/logos/nhl/svg/NJD_light.svg,stevensantini,28,1995-03-07,Bronxville,NY,USA,USA,74,209,2013,N.J,2,12,42
324,8477953,Kasperi Kapanen,TOR,R,https://assets.nhle.com/mugs/nhl/20182019/TOR/8477953.png,https://assets.nhle.com/logos/nhl/svg/TOR_light.svg,kasperikapanen,27,1996-07-23,Kuopio,,FIN,FIN,73,194,2014,PIT,1,22,22
325,8475209,Richard Panik,ARI,R,https://assets.nhle.com/mugs/nhl/20182019/ARI/8475209.png,https://assets.nhle.com/logos/nhl/svg/ARI_20142015-20202021_light.svg,richardpanik,32,1991-02-07,Martin,,SVK,SVK,73,203,2009,T.B,2,22,52
326,8474037,James van Riemsdyk,PHI,L,https://assets.nhle.com/mugs/nhl/20182019/PHI/8474037.png,https://assets.nhle.com/logos/nhl/svg/PHI_19992000-20222023_light.svg,jamesvanriemsdyk,34,1989-05-04,Middletown,NJ,USA,USA,75,208,2007,PHI,1,2,2
327,8475287,Erik Haula,VGK,L,https://assets.nhle.com/mugs/nhl/20182019/VGK/8475287.png,https://assets.nhle.com/logos/nhl/svg/VGK_light.svg,erikhaula,32,1991-03-23,Pori,,FIN,FIN,71,191,2009,MIN,7,1,182
328,8478840,Will Borgen,BUF,D,https://assets.nhle.com/mugs/nhl/20182019/BUF/8478840.png,https://assets.nhle.com/logos/nhl/svg/BUF_20102011-20192020_light.svg,willborgen,26,1996-12-19,Moorhead,MN,USA,USA,75,204,2015,BUF,4,1,92
329,8474189,Lars Eller,WSH,C,https://assets.nhle.com/mugs/nhl/20182019/WSH/8474189.png,https://assets.nhle.com/logos/nhl/svg/WSH_light.svg,larseller,34,1989-05-08,Rodovre,,DNK,DNK,74,205,2007,STL,1,13,13
330,8479333,Libor Hajek,NYR,D,https://assets.nhle.com/mugs/nhl/20182019/NYR/8479333.png,https://assets.nhle.com/logos/nhl/svg/NYR_light.svg,liborhajek,25,1998-02-04,Smrcek,,CZE,CZE,74,209,2016,T.B,2,7,37
331,8474586,Jordan Eberle,NYI,R,https://assets.nhle.com/mugs/nhl/20182019/NYI/8474586.png,https://assets.nhle.com/logos/nhl/svg/NYI_light.svg,jordaneberle,33,1990-05-15,Regina,SK,CAN,CAN,71,190,2008,EDM,1,22,22
332,8475755,Alexander Petrovic,EDM,D,https://assets.nhle.com/mugs/nhl/20182019/EDM/8475755.png,https://assets.nhle.com/logos/nhl/svg/EDM_20172018-20212022_light.svg,alexpetrovic,31,1992-03-03,Edmonton,AB,CAN,CAN,76,220,2010,FLA,2,6,36
333,8477479,Tyler Bertuzzi,DET,L,https://assets.nhle.com/mugs/nhl/20182019/DET/8477479.png,https://assets.nhle.com/logos/nhl/svg/DET_light.svg,tylerbertuzzi,28,1995-02-24,Sudbury,ON,CAN,CAN,73,186,2013,DET,2,28,58
334,8470616,Ryan Kesler,ANA,C,https://assets.nhle.com/mugs/nhl/20182019/ANA/8470616.png,https://assets.nhle.com/logos/nhl/svg/ANA_20132014-20232024_light.svg,ryankesler,39,1984-08-31,Livonia,MI,USA,USA,74,206,2003,VAN,1,23,23
335,8471284,Andrej Sekera,EDM,D,https://assets.nhle.com/mugs/nhl/20182019/EDM/8471284.png,https://assets.nhle.com/logos/nhl/svg/EDM_20172018-20212022_light.svg,andrejsekera,37,1986-06-08,Bojnice,,SVK,SVK,72,200,2004,BUF,3,6,71
336,8475747,Patrik Nemeth,COL,D,https://assets.nhle.com/mugs/nhl/20182019/COL/8475747.png,https://assets.nhle.com/logos/nhl/svg/COL_light.svg,patriknemeth,31,1992-02-08,Stockholm,,SWE,SWE,76,230,2010,DAL,2,11,41
337,8474641,Adam Henrique,ANA,C,https://assets.nhle.com/mugs/nhl/20182019/ANA/8474641.png,https://assets.nhle.com/logos/nhl/svg/ANA_20132014-20232024_light.svg,adamhenrique,33,1990-02-06,Brantford,ON,CAN,CAN,72,195,2008,N.J,3,21,82
338,8476889,Radek Faksa,DAL,C,https://assets.nhle.com/mugs/nhl/20182019/DAL/8476889.png,https://assets.nhle.com/logos/nhl/svg/DAL_20122013-20202021_light.svg,radekfaksa,29,1994-01-09,Vitkov,,CZE,CZE,75,225,2012,DAL,1,13,13
339,8475193,Tomas Tatar,MTL,L,https://assets.nhle.com/mugs/nhl/20182019/MTL/8475193.png,https://assets.nhle.com/logos/nhl/svg/MTL_light.svg,tomastatar,33,1990-12-01,Ilava,,SVK,SVK,70,173,2009,DET,2,30,60
340,8475848,Brendan Gallagher,MTL,R,https://assets.nhle.com/mugs/nhl/20182019/MTL/8475848.png,https://assets.nhle.com/logos/nhl/svg/MTL_light.svg,brendangallagher,31,1992-05-06,Edmonton,AB,CAN,CAN,69,186,2010,MTL,5,27,147
341,8473584,Andrew MacDonald,PHI,D,https://assets.nhle.com/mugs/nhl/20182019/PHI/8473584.png,https://assets.nhle.com/logos/nhl/svg/PHI_19992000-20222023_light.svg,andrewmacdonald,37,1986-09-07,Judique,NS,CAN,CAN,73,204,2006,NYI,6,7,160
342,8474250,Zack Smith,OTT,C,https://assets.nhle.com/mugs/nhl/20182019/OTT/8474250.png,https://assets.nhle.com/logos/nhl/svg/OTT_20072008-20192020_light.svg,zacksmith,35,1988-04-05,Maple Creek,SK,CAN,CAN,74,208,2008,OTT,3,18,79
343,8475098,Tyler Bozak,STL,C,https://assets.nhle.com/mugs/nhl/20182019/STL/8475098.png,https://assets.nhle.com/logos/nhl/svg/STL_light.svg,tylerbozak,37,1986-03-19,Regina,SK,CAN,CAN,73,187,-,-,-,-,-
344,8466139,Patrick Marleau,TOR,C,https://assets.nhle.com/mugs/nhl/20182019/TOR/8466139.png,https://assets.nhle.com/logos/nhl/svg/TOR_light.svg,patmarleau,44,1979-09-15,Aneroid,SK,CAN,CAN,74,215,1997,S.J,1,2,2
345,8473573,Artem Anisimov,CHI,C,https://assets.nhle.com/mugs/nhl/20182019/CHI/8473573.png,https://assets.nhle.com/logos/nhl/svg/CHI_light.svg,artemanisimov,35,1988-05-24,Yaroslavl,,RUS,RUS,76,199,2006,NYR,2,24,54
346,8474009,Nick Bonino,NSH,C,https://assets.nhle.com/mugs/nhl/20182019/NSH/8474009.png,https://assets.nhle.com/logos/nhl/svg/NSH_light.svg,nickbonino,35,1988-04-20,Hartford,CT,USA,USA,73,195,2007,S.J,6,22,173
347,8477244,Chad Ruhwedel,PIT,D,https://assets.nhle.com/mugs/nhl/20182019/PIT/8477244.png,https://assets.nhle.com/logos/nhl/svg/PIT_light.svg,chadruhwedel,33,1990-05-07,San Diego,CA,USA,USA,71,191,-,-,-,-,-
348,8469454,Ilya Kovalchuk,LAK,L,https://assets.nhle.com/mugs/nhl/20182019/LAK/8469454.png,https://assets.nhle.com/logos/nhl/svg/LAK_20112012-20182019_light.svg,ilyakovalchuk,40,1983-04-15,Tver,,RUS,RUS,75,222,2001,ATL,1,1,1
349,8475799,Nino Niederreiter,CAR,R,https://assets.nhle.com/mugs/nhl/20182019/CAR/8475799.png,https://assets.nhle.com/logos/nhl/svg/CAR_light.svg,ninoniederreiter,31,1992-09-08,Chur,,CHE,CHE,74,218,2010,NYI,1,5,5
350,8478400,Colin White,OTT,C,https://assets.nhle.com/mugs/nhl/20182019/OTT/8478400.png,https://assets.nhle.com/logos/nhl/svg/OTT_20072008-20192020_light.svg,colinwhiteC,26,1997-01-30,Boston,MA,USA,USA,73,194,2015,OTT,1,21,21
351,8475172,Nazem Kadri,TOR,C,https://assets.nhle.com/mugs/nhl/20182019/TOR/8475172.png,https://assets.nhle.com/logos/nhl/svg/TOR_light.svg,nazemkadri,33,1990-10-06,London,ON,CAN,CAN,72,185,2009,TOR,1,7,7
352,8478498,Jake DeBrusk,BOS,L,https://assets.nhle.com/mugs/nhl/20182019/BOS/8478498.png,https://assets.nhle.com/logos/nhl/svg/BOS_20082009-20222023_light.svg,jakedebrusk,27,1996-10-17,Edmonton,AB,CAN,CAN,72,197,2015,BOS,1,14,14
353,8478440,Dylan Strome,CHI,C,https://assets.nhle.com/mugs/nhl/20182019/CHI/8478440.png,https://assets.nhle.com/logos/nhl/svg/CHI_light.svg,dylanstrome,26,1997-03-07,Mississauga,ON,CAN,CAN,75,200,2015,ARI,1,3,3
354,8470601,Braydon Coburn,TBL,D,https://assets.nhle.com/mugs/nhl/20182019/TBL/8470601.png,https://assets.nhle.com/logos/nhl/svg/TBL_light.svg,braydoncoburn,38,1985-02-27,Shaunavon,SK,CAN,CAN,77,224,2003,ATL,1,8,8
355,8478401,Pavel Zacha,NJD,C,https://assets.nhle.com/mugs/nhl/20182019/NJD/8478401.png,https://assets.nhle.com/logos/nhl/svg/NJD_light.svg,pavelzacha,26,1997-04-06,Brno,,CZE,CZE,76,199,2015,N.J,1,6,6
356,8477337,John Gilmour,NYR,D,https://assets.nhle.com/mugs/nhl/20182019/NYR/8477337.png,https://assets.nhle.com/logos/nhl/svg/NYR_light.svg,johngilmour,30,1993-05-17,Montreal,QC,CAN,CAN,72,188,2013,CGY,7,17,198
357,8478476,Kyle Capobianco,ARI,D,https://assets.nhle.com/mugs/nhl/20182019/ARI/8478476.png,https://assets.nhle.com/logos/nhl/svg/ARI_20142015-20202021_light.svg,kylecapobianco,26,1997-08-13,Mississauga,ON,CAN,CAN,74,201,2015,ARI,3,2,63
358,8473560,Korbinian Holzer,ANA,D,https://assets.nhle.com/mugs/nhl/20182019/ANA/8473560.png,https://assets.nhle.com/logos/nhl/svg/ANA_20132014-20232024_light.svg,korbinianholzer,35,1988-02-16,Munich,,DEU,DEU,75,213,2006,TOR,4,18,111
359,8476918,Jimmy Vesey,NYR,L,https://assets.nhle.com/mugs/nhl/20182019/NYR/8476918.png,https://assets.nhle.com/logos/nhl/svg/NYR_light.svg,jimmyvesey,30,1993-05-26,Boston,MA,USA,USA,75,202,2012,NSH,3,5,66
360,8469465,Dan Hamhuis,NSH,D,https://assets.nhle.com/mugs/nhl/20182019/NSH/8469465.png,https://assets.nhle.com/logos/nhl/svg/NSH_light.svg,danhamhuis,41,1982-12-13,Smithers,BC,CAN,CAN,73,204,2001,NSH,1,12,12
361,8476925,Colton Sissons,NSH,C,https://assets.nhle.com/mugs/nhl/20182019/NSH/8476925.png,https://assets.nhle.com/logos/nhl/svg/NSH_light.svg,coltonsissons,30,1993-11-05,North Vancouver,BC,CAN,CAN,73,200,2012,NSH,2,20,50
362,8476407,Andy Welinski,ANA,D,https://assets.nhle.com/mugs/nhl/20182019/ANA/8476407.png,https://assets.nhle.com/logos/nhl/svg/ANA_20132014-20232024_light.svg,andywelinski,30,1993-04-27,Duluth,MN,USA,USA,74,212,2011,ANA,3,22,83
363,8478397,Rasmus Andersson,CGY,D,https://assets.nhle.com/mugs/nhl/20182019/CGY/8478397.png,https://assets.nhle.com/logos/nhl/svg/CGY_19941995-20192020_light.svg,rasmusandersson,27,1996-10-27,Malmö,,SWE,SWE,73,202,2015,CGY,2,23,53
364,8480801,Brady Tkachuk,OTT,L,https://assets.nhle.com/mugs/nhl/20182019/OTT/8480801.png,https://assets.nhle.com/logos/nhl/svg/OTT_20072008-20192020_light.svg,bradytkachuk,24,1999-09-16,Scottsdale,AZ,USA,USA,76,221,2018,OTT,1,4,4
365,8480147,Oscar Fantenberg,CGY,D,https://assets.nhle.com/mugs/nhl/20182019/CGY/8480147.png,https://assets.nhle.com/logos/nhl/svg/CGY_19941995-20192020_light.svg,oscarfantenberg,32,1991-10-07,Ljunby,,SWE,SWE,72,206,-,-,-,-,-
366,8470755,Brad Richardson,ARI,R,https://assets.nhle.com/mugs/nhl/20182019/ARI/8470755.png,https://assets.nhle.com/logos/nhl/svg/ARI_20142015-20202021_light.svg,bradrichardson,38,1985-02-04,Belleville,ON,CAN,CAN,72,190,2003,COL,5,27,163
367,8474870,Tyler Johnson,TBL,C,https://assets.nhle.com/mugs/nhl/20182019/TBL/8474870.png,https://assets.nhle.com/logos/nhl/svg/TBL_light.svg,tylerjohnson,33,1990-07-29,Spokane,WA,USA,USA,68,185,-,-,-,-,-
368,8474628,Michael Stone,CGY,D,https://assets.nhle.com/mugs/nhl/20182019/CGY/8474628.png,https://assets.nhle.com/logos/nhl/svg/CGY_19941995-20192020_light.svg,michaelstone,33,1990-06-07,Winnipeg,MB,CAN,CAN,75,210,2008,PHX,3,8,69
369,8474125,Carl Gunnarsson,STL,D,https://assets.nhle.com/mugs/nhl/20182019/STL/8474125.png,https://assets.nhle.com/logos/nhl/svg/STL_light.svg,carlgunnarsson,37,1986-11-09,Orebro,,SWE,SWE,74,198,2007,TOR,7,13,194
370,8475149,Marcus Johansson,BOS,L,https://assets.nhle.com/mugs/nhl/20182019/BOS/8475149.png,https://assets.nhle.com/logos/nhl/svg/BOS_20082009-20222023_light.svg,marcusjohansson,33,1990-10-06,Landskrona,,SWE,SWE,73,203,2009,WSH,1,24,24
371,8476381,Andrew Shaw,MTL,R,https://assets.nhle.com/mugs/nhl/20182019/MTL/8476381.png,https://assets.nhle.com/logos/nhl/svg/MTL_light.svg,andrewshaw,32,1991-07-20,Belleville,ON,CAN,CAN,71,182,2011,CHI,5,18,139
372,8475810,Bryan Rust,PIT,R,https://assets.nhle.com/mugs/nhl/20182019/PIT/8475810.png,https://assets.nhle.com/logos/nhl/svg/PIT_light.svg,bryanrust,31,1992-05-11,Pontiac,MI,USA,USA,71,192,2010,PIT,3,20,80
373,8479316,Luke Kunin,MIN,C,https://assets.nhle.com/mugs/nhl/20182019/MIN/8479316.png,https://assets.nhle.com/logos/nhl/svg/MIN_light.svg,lukekunin,26,1997-12-04,Chesterfield,MO,USA,USA,72,197,2016,MIN,1,15,15
374,8470257,Alexander Steen,STL,L,https://assets.nhle.com/mugs/nhl/20182019/STL/8470257.png,https://assets.nhle.com/logos/nhl/svg/STL_light.svg,alexsteen,39,1984-03-01,Winnipeg,MB,CAN,SWE,72,211,2002,TOR,1,24,24
375,8476826,Yanni Gourde,TBL,C,https://assets.nhle.com/mugs/nhl/20182019/TBL/8476826.png,https://assets.nhle.com/logos/nhl/svg/TBL_light.svg,yannigourde,32,1991-12-15,Saint-Narcisse,QC,CAN,CAN,69,174,-,-,-,-,-
376,8473412,Bryan Little,WPG,C,https://assets.nhle.com/mugs/nhl/20182019/WPG/8473412.png,https://assets.nhle.com/logos/nhl/svg/WPG_light.svg,bryanlittle,36,1987-11-12,Edmonton,AB,CAN,CAN,72,191,2006,ATL,1,12,12
377,8476886,Slater Koekkoek,CHI,D,https://assets.nhle.com/mugs/nhl/20182019/CHI/8476886.png,https://assets.nhle.com/logos/nhl/svg/CHI_light.svg,slaterkoekkoek,29,1994-02-18,Winchester,ON,CAN,CAN,74,193,2012,T.B,1,10,10
378,8478542,Evan Rodrigues,BUF,C,https://assets.nhle.com/mugs/nhl/20182019/BUF/8478542.png,https://assets.nhle.com/logos/nhl/svg/BUF_20102011-20192020_light.svg,evanrodrigues,30,1993-07-28,Toronto,ON,CAN,CAN,71,184,-,-,-,-,-
379,8476469,Joel Armia,MTL,R,https://assets.nhle.com/mugs/nhl/20182019/MTL/8476469.png,https://assets.nhle.com/logos/nhl/svg/MTL_light.svg,joelarmia,30,1993-05-31,Pori,,FIN,FIN,75,216,2011,BUF,1,16,16
380,8476480,Vladislav Namestnikov,NYR,C,https://assets.nhle.com/mugs/nhl/20182019/NYR/8476480.png,https://assets.nhle.com/logos/nhl/svg/NYR_light.svg,vladislavnamestnikov,31,1992-11-22,Zhukovskiy,,RUS,RUS,72,179,2011,T.B,1,27,27
381,8476822,Luke Glendening,DET,C,https://assets.nhle.com/mugs/nhl/20182019/DET/8476822.png,https://assets.nhle.com/logos/nhl/svg/DET_light.svg,lukeglendening,34,1989-04-28,Grand Rapids,MI,USA,USA,71,190,-,-,-,-,-
382,8471717,Adam McQuaid,CBJ,D,https://assets.nhle.com/mugs/nhl/20182019/CBJ/8471717.png,https://assets.nhle.com/logos/nhl/svg/CBJ_light.svg,adammcquaid,37,1986-10-12,Charlottetown,PE,CAN,CAN,76,210,2005,CBJ,2,25,55
383,8477940,Nikolaj Ehlers,WPG,L,https://assets.nhle.com/mugs/nhl/20182019/WPG/8477940.png,https://assets.nhle.com/logos/nhl/svg/WPG_light.svg,nikolajehlers,27,1996-02-14,Aalborg,,DNK,DNK,72,169,2014,WPG,1,9,9
384,8476851,Alex Galchenyuk,ARI,C,https://assets.nhle.com/mugs/nhl/20182019/ARI/8476851.png,https://assets.nhle.com/logos/nhl/svg/ARI_20142015-20202021_light.svg,alexgalchenyuk,29,1994-02-12,Milwaukee,WI,USA,USA,73,194,2012,MTL,1,3,3
385,8471260,Blake Comeau,DAL,L,https://assets.nhle.com/mugs/nhl/20182019/DAL/8471260.png,https://assets.nhle.com/logos/nhl/svg/DAL_20122013-20202021_light.svg,blakecomeau,37,1986-02-18,Meadow Lake,SK,CAN,CAN,73,200,2004,NYI,2,17,47
386,8475855,Jesper Fast,NYR,R,https://assets.nhle.com/mugs/nhl/20182019/NYR/8475855.png,https://assets.nhle.com/logos/nhl/svg/NYR_light.svg,jesperfast,32,1991-12-02,Nassjo,,SWE,SWE,73,191,2010,NYR,6,7,157
387,8474068,Kyle Turris,NSH,C,https://assets.nhle.com/mugs/nhl/20182019/NSH/8474068.png,https://assets.nhle.com/logos/nhl/svg/NSH_light.svg,kyleturris,34,1989-08-14,New Westminster,BC,CAN,CAN,73,190,2007,PHX,1,3,3
388,8471436,Matt Hunwick,BUF,D,https://assets.nhle.com/mugs/nhl/20182019/BUF/8471436.png,https://assets.nhle.com/logos/nhl/svg/BUF_20102011-20192020_light.svg,matthunwick,38,1985-05-21,Warren,MI,USA,USA,71,194,2004,BOS,7,31,224
389,8471676,Bobby Ryan,OTT,R,https://assets.nhle.com/mugs/nhl/20182019/OTT/8471676.png,https://assets.nhle.com/logos/nhl/svg/OTT_20072008-20192020_light.svg,bobbyryan,36,1987-03-17,Cherry Hill,NJ,USA,USA,74,208,2005,ANA,1,2,2
390,8480948,Egor Yakovlev,NJD,D,https://assets.nhle.com/mugs/nhl/20182019/NJD/8480948.png,https://assets.nhle.com/logos/nhl/svg/NJD_light.svg,egoryakovlev,32,1991-09-17,Magnitogorsk,,RUS,RUS,72,190,-,-,-,-,-
391,8474611,Cameron Gaunce,TBL,D,https://assets.nhle.com/mugs/nhl/20182019/TBL/8474611.png,https://assets.nhle.com/logos/nhl/svg/TBL_light.svg,camgaunce,33,1990-03-19,Sudbury,ON,CAN,CAN,74,194,2008,COL,2,20,50
392,8474190,Wayne Simmonds,NSH,R,https://assets.nhle.com/mugs/nhl/20182019/NSH/8474190.png,https://assets.nhle.com/logos/nhl/svg/NSH_light.svg,waynesimmonds,35,1988-08-26,Scarborough,ON,CAN,CAN,74,184,2007,L.A,2,31,61
393,8475179,Dmitry Kulikov,WPG,D,https://assets.nhle.com/mugs/nhl/20182019/WPG/8475179.png,https://assets.nhle.com/logos/nhl/svg/WPG_light.svg,dmitrykulikov,33,1990-10-29,Lipetsk,,RUS,RUS,73,201,2009,FLA,1,14,14
394,8468498,Brooks Orpik,WSH,D,https://assets.nhle.com/mugs/nhl/20182019/WSH/8468498.png,https://assets.nhle.com/logos/nhl/svg/WSH_light.svg,brooksorpik,43,1980-09-26,San Francisco,CA,USA,USA,75,217,2000,PIT,1,18,18
395,8477850,Christian Folin,MTL,D,https://assets.nhle.com/mugs/nhl/20182019/MTL/8477850.png,https://assets.nhle.com/logos/nhl/svg/MTL_light.svg,christianfolin,32,1991-02-09,Gothenburg,,SWE,SWE,75,204,-,-,-,-,-
396,8478131,Ondrej Kase,ANA,R,https://assets.nhle.com/mugs/nhl/20182019/ANA/8478131.png,https://assets.nhle.com/logos/nhl/svg/ANA_20132014-20232024_light.svg,ondrejkase,28,1995-11-08,Kadan,,CZE,CZE,72,187,2014,ANA,7,25,205
397,8477942,Kevin Fiala,MIN,L,https://assets.nhle.com/mugs/nhl/20182019/MIN/8477942.png,https://assets.nhle.com/logos/nhl/svg/MIN_light.svg,kevinfiala,27,1996-07-22,St. Gallen,,CHE,CHE,70,204,2014,NSH,1,11,11
398,8480172,Jan Rutta,TBL,D,https://assets.nhle.com/mugs/nhl/20182019/TBL/8480172.png,https://assets.nhle.com/logos/nhl/svg/TBL_light.svg,janrutta,33,1990-07-29,Písek,,CZE,CZE,75,204,-,-,-,-,-
399,8476458,Ryan Strome,NYR,C,https://assets.nhle.com/mugs/nhl/20182019/NYR/8476458.png,https://assets.nhle.com/logos/nhl/svg/NYR_light.svg,ryanstrome,30,1993-07-11,Mississauga,ON,CAN,CAN,73,191,2011,NYI,1,5,5
400,8474697,Mark Borowiecki,OTT,D,https://assets.nhle.com/mugs/nhl/20182019/OTT/8474697.png,https://assets.nhle.com/logos/nhl/svg/OTT_20072008-20192020_light.svg,markborowiecki,34,1989-07-12,Ottawa,ON,CAN,CAN,74,204,2008,OTT,5,18,139
401,8477476,Artturi Lehkonen,MTL,L,https://assets.nhle.com/mugs/nhl/20182019/MTL/8477476.png,https://assets.nhle.com/logos/nhl/svg/MTL_light.svg,artturilehkonen,28,1995-07-04,Piikkio,,FIN,FIN,71,179,2013,MTL,2,25,55
402,8466138,Joe Thornton,SJS,C,https://assets.nhle.com/mugs/nhl/20182019/SJS/8466138.png,https://assets.nhle.com/logos/nhl/svg/SJS_light.svg,joethornton,44,1979-07-02,London,ON,CAN,CAN,76,220,1997,BOS,1,1,1
403,8478468,Jeremy Lauzon,BOS,D,https://assets.nhle.com/mugs/nhl/20182019/BOS/8478468.png,https://assets.nhle.com/logos/nhl/svg/BOS_20082009-20222023_light.svg,jeremylauzon,26,1997-04-28,Val D'or,QC,CAN,CAN,73,204,2015,BOS,2,22,52
404,8477939,William Nylander,TOR,R,https://assets.nhle.com/mugs/nhl/20182019/TOR/8477939.png,https://assets.nhle.com/logos/nhl/svg/TOR_light.svg,willnylander,27,1996-05-01,Calgary,AB,CAN,SWE,72,204,2014,TOR,1,8,8
405,8476470,Nathan Beaulieu,WPG,D,https://assets.nhle.com/mugs/nhl/20182019/WPG/8476470.png,https://assets.nhle.com/logos/nhl/svg/WPG_light.svg,nathanbeaulieu,31,1992-12-05,Strathroy,ON,CAN,CAN,74,200,2011,MTL,1,17,17
406,8479976,Juuso Valimaki,CGY,D,https://assets.nhle.com/mugs/nhl/20182019/CGY/8479976.png,https://assets.nhle.com/logos/nhl/svg/CGY_19941995-20192020_light.svg,juusovalimaki,25,1998-10-06,Tampere,,FIN,FIN,74,205,2017,CGY,1,16,16
407,8471887,Patric Hornqvist,PIT,R,https://assets.nhle.com/mugs/nhl/20182019/PIT/8471887.png,https://assets.nhle.com/logos/nhl/svg/PIT_light.svg,patrichornqvist,36,1987-01-01,Sollentuna,,SWE,SWE,71,189,2005,NSH,7,36,230
408,8474145,Robert Bortuzzo,STL,D,https://assets.nhle.com/mugs/nhl/20182019/STL/8474145.png,https://assets.nhle.com/logos/nhl/svg/STL_light.svg,robertbortuzzo,34,1989-03-18,Thunder Bay,ON,CAN,CAN,76,216,2007,PIT,3,17,78
409,8474579,Luca Sbisa,NYI,D,https://assets.nhle.com/mugs/nhl/20182019/NYI/8474579.png,https://assets.nhle.com/logos/nhl/svg/NYI_light.svg,lucasbisa,33,1990-01-30,Ozieri,,ITA,CHE,74,206,2008,PHI,1,19,19
410,8480336,Sean Walker,LAK,D,https://assets.nhle.com/mugs/nhl/20182019/LAK/8480336.png,https://assets.nhle.com/logos/nhl/svg/LAK_20112012-20182019_light.svg,seanwalker,29,1994-11-13,Keswick,ON,CAN,CAN,71,195,-,-,-,-,-
411,8475714,Calle Jarnkrok,NSH,C,https://assets.nhle.com/mugs/nhl/20182019/NSH/8475714.png,https://assets.nhle.com/logos/nhl/svg/NSH_light.svg,callejarnkrok,32,1991-09-25,Gävle,,SWE,SWE,72,192,2010,DET,2,21,51
412,8479268,Casey Nelson,BUF,D,https://assets.nhle.com/mugs/nhl/20182019/BUF/8479268.png,https://assets.nhle.com/logos/nhl/svg/BUF_20102011-20192020_light.svg,caseynelson,31,1992-07-18,Wisconsin Rapids,WI,USA,USA,73,185,-,-,-,-,-
413,8471716,Justin Abdelkader,DET,L,https://assets.nhle.com/mugs/nhl/20182019/DET/8471716.png,https://assets.nhle.com/logos/nhl/svg/DET_light.svg,justinabdelkader,36,1987-02-25,Muskegon,MI,USA,USA,74,213,2005,DET,2,12,42
414,8480821,Filip Zadina,DET,R,https://assets.nhle.com/mugs/nhl/20182019/DET/8480821.png,https://assets.nhle.com/logos/nhl/svg/DET_light.svg,filipzadina,24,1999-11-27,Pardubice,,CZE,CZE,72,190,2018,DET,1,6,6
415,8475236,Cody Eakin,VGK,C,https://assets.nhle.com/mugs/nhl/20182019/VGK/8475236.png,https://assets.nhle.com/logos/nhl/svg/VGK_light.svg,codyeakin,32,1991-05-24,Winnipeg,MB,CAN,CAN,72,196,2009,WSH,3,24,85
416,8479026,Philippe Myers,PHI,D,https://assets.nhle.com/mugs/nhl/20182019/PHI/8479026.png,https://assets.nhle.com/logos/nhl/svg/PHI_19992000-20222023_light.svg,philippemyers,26,1997-01-25,Moncton,NB,CAN,CAN,78,219,-,-,-,-,-
417,8481433,Taro Hirose,DET,L,https://assets.nhle.com/mugs/nhl/20182019/DET/8481433.png,https://assets.nhle.com/logos/nhl/svg/DET_light.svg,tarohirose,27,1996-06-30,Calgary,AB,CAN,CAN,70,162,-,-,-,-,-
418,8474090,Brendan Smith,NYR,D,https://assets.nhle.com/mugs/nhl/20182019/NYR/8474090.png,https://assets.nhle.com/logos/nhl/svg/NYR_light.svg,brendansmith,34,1989-02-08,Mimico,ON,CAN,CAN,74,200,2007,DET,1,27,27
419,8473468,Eric Gryba,NJD,D,https://assets.nhle.com/mugs/nhl/20182019/NJD/8473468.png,https://assets.nhle.com/logos/nhl/svg/NJD_light.svg,ericgryba,35,1988-04-14,Saskatoon,SK,CAN,CAN,76,222,2006,OTT,3,5,68
420,8476994,Vinnie Hinostroza,ARI,C,https://assets.nhle.com/mugs/nhl/20182019/ARI/8476994.png,https://assets.nhle.com/logos/nhl/svg/ARI_20142015-20202021_light.svg,vinniehinostroza,29,1994-04-03,Chicago,IL,USA,USA,70,183,2012,CHI,6,18,169
421,8475902,Zach Trotman,PIT,D,https://assets.nhle.com/mugs/nhl/20182019/PIT/8475902.png,https://assets.nhle.com/logos/nhl/svg/PIT_light.svg,zachtrotman,33,1990-08-26,Carmel,IN,USA,USA,75,217,2010,BOS,7,30,210
422,8478439,Travis Konecny,PHI,R,https://assets.nhle.com/mugs/nhl/20182019/PHI/8478439.png,https://assets.nhle.com/logos/nhl/svg/PHI_19992000-20222023_light.svg,traviskonecny,26,1997-03-11,London,ON,CAN,CAN,70,175,2015,PHI,1,24,24
423,8477474,Madison Bowey,DET,D,https://assets.nhle.com/mugs/nhl/20182019/DET/8477474.png,https://assets.nhle.com/logos/nhl/svg/DET_light.svg,madisonbowey,28,1995-04-22,Winnipeg,MB,CAN,CAN,73,207,2013,WSH,2,23,53
424,8474717,Mark Barberio,COL,D,https://assets.nhle.com/mugs/nhl/20182019/COL/8474717.png,https://assets.nhle.com/logos/nhl/svg/COL_light.svg,markbarberio,33,1990-03-23,Montreal,QC,CAN,CAN,73,200,2008,T.B,6,1,152
425,8477406,Mattias Janmark,DAL,C,https://assets.nhle.com/mugs/nhl/20182019/DAL/8477406.png,https://assets.nhle.com/logos/nhl/svg/DAL_20122013-20202021_light.svg,mattiasjanmark,31,1992-12-08,Stockholm,,SWE,SWE,73,205,2013,DET,3,18,79
426,8480160,Radim Simek,SJS,D,https://assets.nhle.com/mugs/nhl/20182019/SJS/8480160.png,https://assets.nhle.com/logos/nhl/svg/SJS_light.svg,radimsimek,31,1992-09-20,Mlada Boleslav,,CZE,CZE,72,204,-,-,-,-,-
427,8475716,Martin Marincin,TOR,D,https://assets.nhle.com/mugs/nhl/20182019/TOR/8475716.png,https://assets.nhle.com/logos/nhl/svg/TOR_light.svg,martinmarincin,31,1992-02-18,Kosice,,SVK,SVK,77,217,2010,EDM,2,16,46
428,8475795,Dylan McIlrath,DET,D,https://assets.nhle.com/mugs/nhl/20182019/DET/8475795.png,https://assets.nhle.com/logos/nhl/svg/DET_light.svg,dylanmcilrath,31,1992-04-20,Winnipeg,MB,CAN,CAN,77,232,2010,NYR,1,10,10
429,8477402,Pavel Buchnevich,NYR,L,https://assets.nhle.com/mugs/nhl/20182019/NYR/8477402.png,https://assets.nhle.com/logos/nhl/svg/NYR_light.svg,pavelbuchnevich,28,1995-04-17,Cherepovets,,RUS,RUS,73,196,2013,NYR,3,14,75
430,8479407,Jesper Bratt,NJD,L,https://assets.nhle.com/mugs/nhl/20182019/NJD/8479407.png,https://assets.nhle.com/logos/nhl/svg/NJD_light.svg,jesperbratt,25,1998-07-30,Stockholm,,SWE,SWE,70,175,2016,N.J,6,11,162
431,8476466,Sven Baertschi,VAN,L,https://assets.nhle.com/mugs/nhl/20182019/VAN/8476466.png,https://assets.nhle.com/logos/nhl/svg/VAN_20072008-20182019_light.svg,svenbaertschi,31,1992-10-05,Bern,,CHE,CHE,71,190,2011,CGY,1,13,13
432,8475225,Craig Smith,NSH,C,https://assets.nhle.com/mugs/nhl/20182019/NSH/8475225.png,https://assets.nhle.com/logos/nhl/svg/NSH_light.svg,craigsmith,34,1989-09-05,Madison,WI,USA,USA,72,204,2009,NSH,4,7,98
433,8475760,Nick Bjugstad,PIT,C,https://assets.nhle.com/mugs/nhl/20182019/PIT/8475760.png,https://assets.nhle.com/logos/nhl/svg/PIT_light.svg,nickbjugstad,31,1992-07-17,Minneapolis,MN,USA,USA,78,209,2010,FLA,1,19,19
434,8479974,Nolan Patrick,PHI,C,https://assets.nhle.com/mugs/nhl/20182019/PHI/8479974.png,https://assets.nhle.com/logos/nhl/svg/PHI_19992000-20222023_light.svg,nolanpat,25,1998-09-19,Winnipeg,MB,CAN,CAN,74,201,2017,PHI,1,2,2
435,8477505,Alexander Wennberg,CBJ,C,https://assets.nhle.com/mugs/nhl/20182019/CBJ/8477505.png,https://assets.nhle.com/logos/nhl/svg/CBJ_light.svg,alexwennberg,29,1994-09-22,Stockholm,,SWE,SWE,74,190,2013,CBJ,1,14,14
436,8477845,Trevor van Riemsdyk,CAR,D,https://assets.nhle.com/mugs/nhl/20182019/CAR/8477845.png,https://assets.nhle.com/logos/nhl/svg/CAR_light.svg,trevorvanriemsdyk,32,1991-07-24,Middletown,NJ,USA,USA,75,191,-,-,-,-,-
437,8476440,Markus Granlund,VAN,C,https://assets.nhle.com/mugs/nhl/20182019/VAN/8476440.png,https://assets.nhle.com/logos/nhl/svg/VAN_20072008-20182019_light.svg,markusgranlund,30,1993-04-16,Oulu,,FIN,FIN,72,180,2011,CGY,2,15,45
438,8478425,Brendan Guhle,ANA,D,https://assets.nhle.com/mugs/nhl/20182019/ANA/8478425.png,https://assets.nhle.com/logos/nhl/svg/ANA_20132014-20232024_light.svg,brendanguhle,26,1997-07-29,Edmonton,AB,CAN,CAN,74,197,2015,BUF,2,21,51
439,8477941,Nick Ritchie,ANA,L,https://assets.nhle.com/mugs/nhl/20182019/ANA/8477941.png,https://assets.nhle.com/logos/nhl/svg/ANA_20132014-20232024_light.svg,nickritchie,28,1995-12-05,Orangeville,ON,CAN,CAN,75,236,2014,ANA,1,10,10
440,8470602,Dion Phaneuf,LAK,D,https://assets.nhle.com/mugs/nhl/20182019/LAK/8470602.png,https://assets.nhle.com/logos/nhl/svg/LAK_20112012-20182019_light.svg,dionphaneuf,38,1985-04-10,Edmonton,AB,CAN,CAN,75,222,2003,CGY,1,9,9
441,8473544,Derick Brassard,COL,C,https://assets.nhle.com/mugs/nhl/20182019/COL/8473544.png,https://assets.nhle.com/logos/nhl/svg/COL_light.svg,derickbrassard,36,1987-09-22,Hull,QC,CAN,CAN,73,200,2006,CBJ,1,6,6
442,8477958,Nikolay Goldobin,VAN,R,https://assets.nhle.com/mugs/nhl/20182019/VAN/8477958.png,https://assets.nhle.com/logos/nhl/svg/VAN_20072008-20182019_light.svg,nikolaygoldobin,28,1995-10-07,Moscow,,RUS,RUS,71,196,2014,S.J,1,27,27
443,8479336,Carl Grundstrom,LAK,R,https://assets.nhle.com/mugs/nhl/20182019/LAK/8479336.png,https://assets.nhle.com/logos/nhl/svg/LAK_20112012-20182019_light.svg,carlgrundstrom,26,1997-12-01,Umea,,SWE,SWE,72,195,2016,TOR,2,27,57
444,8479351,Sam Steel,ANA,C,https://assets.nhle.com/mugs/nhl/20182019/ANA/8479351.png,https://assets.nhle.com/logos/nhl/svg/ANA_20132014-20232024_light.svg,samsteel,25,1998-02-03,Ardrossan,AB,CAN,CAN,71,184,2016,ANA,1,30,30
445,8471707,James Neal,CGY,L,https://assets.nhle.com/mugs/nhl/20182019/CGY/8471707.png,https://assets.nhle.com/logos/nhl/svg/CGY_19941995-20192020_light.svg,jamesneal,36,1987-09-03,Whitby,ON,CAN,CAN,75,212,2005,DAL,2,3,33
446,8476988,Matt Benning,EDM,D,https://assets.nhle.com/mugs/nhl/20182019/EDM/8476988.png,https://assets.nhle.com/logos/nhl/svg/EDM_20172018-20212022_light.svg,mattbenning,29,1994-05-25,Edmonton,AB,CAN,CAN,73,203,2012,BOS,6,24,175
447,8479353,Brett Howden,NYR,C,https://assets.nhle.com/mugs/nhl/20182019/NYR/8479353.png,https://assets.nhle.com/logos/nhl/svg/NYR_light.svg,bretthowden,25,1998-03-29,Calgary,AB,CAN,CAN,74,203,2016,T.B,1,27,27
448,8477972,Josh Jacobs,NJD,D,https://assets.nhle.com/mugs/nhl/20182019/NJD/8477972.png,https://assets.nhle.com/logos/nhl/svg/NJD_light.svg,joshjakes,27,1996-02-15,Shelby Township,MI,USA,USA,74,200,2014,N.J,2,11,41
449,8476779,Brad Hunt,MIN,D,https://assets.nhle.com/mugs/nhl/20182019/MIN/8476779.png,https://assets.nhle.com/logos/nhl/svg/MIN_light.svg,bradhunt,35,1988-08-24,Maple Ridge,BC,CAN,CAN,69,177,-,-,-,-,-
450,8476292,Ondrej Palat,TBL,L,https://assets.nhle.com/mugs/nhl/20182019/TBL/8476292.png,https://assets.nhle.com/logos/nhl/svg/TBL_light.svg,ondrejpalat,32,1991-03-28,Frydek-Mistek,,CZE,CZE,72,194,2011,T.B,7,27,208
451,8477021,Alex Kerfoot,COL,C,https://assets.nhle.com/mugs/nhl/20182019/COL/8477021.png,https://assets.nhle.com/logos/nhl/svg/COL_light.svg,alexkerfoot,29,1994-08-11,Vancouver,BC,CAN,CAN,71,186,2012,N.J,5,29,150
452,8479416,Ben Gleason,DAL,D,https://assets.nhle.com/mugs/nhl/20182019/DAL/8479416.png,https://assets.nhle.com/logos/nhl/svg/DAL_20122013-20202021_light.svg,bengleason,25,1998-03-25,Ortonville,MI,USA,USA,73,185,-,-,-,-,-
453,8473986,Alex Killorn,TBL,L,https://assets.nhle.com/mugs/nhl/20182019/TBL/8473986.png,https://assets.nhle.com/logos/nhl/svg/TBL_light.svg,alexkillorn,34,1989-09-14,Halifax,NS,CAN,CAN,73,194,2007,T.B,3,16,77
454,8480955,Bogdan Kiselevich,FLA,D,https://assets.nhle.com/mugs/nhl/20182019/FLA/8480955.png,https://assets.nhle.com/logos/nhl/svg/FLA_light.svg,bogdankiselevich,33,1990-02-14,Cherepovets,,RUS,RUS,72,202,-,-,-,-,-
455,8476872,Scott Laughton,PHI,C,https://assets.nhle.com/mugs/nhl/20182019/PHI/8476872.png,https://assets.nhle.com/logos/nhl/svg/PHI_19992000-20222023_light.svg,scottlaughton,29,1994-05-30,Oakville,ON,CAN,CAN,73,190,2012,PHI,1,20,20
456,8478519,Anthony Cirelli,TBL,C,https://assets.nhle.com/mugs/nhl/20182019/TBL/8478519.png,https://assets.nhle.com/logos/nhl/svg/TBL_light.svg,anthonycirelli,26,1997-07-15,Etobicoke,ON,CAN,CAN,72,189,2015,T.B,3,11,72
457,8475430,Brandon Manning,EDM,D,https://assets.nhle.com/mugs/nhl/20182019/EDM/8475430.png,https://assets.nhle.com/logos/nhl/svg/EDM_20172018-20212022_light.svg,brandonmanning,33,1990-06-04,Prince George,BC,CAN,CAN,73,205,-,-,-,-,-
458,8470621,Corey Perry,ANA,R,https://assets.nhle.com/mugs/nhl/20182019/ANA/8470621.png,https://assets.nhle.com/logos/nhl/svg/ANA_20132014-20232024_light.svg,coreyperry,38,1985-05-16,Peterborough,ON,CAN,CAN,75,208,2003,ANA,1,28,28
459,8477937,Jake Virtanen,VAN,R,https://assets.nhle.com/mugs/nhl/20182019/VAN/8477937.png,https://assets.nhle.com/logos/nhl/svg/VAN_20072008-20182019_light.svg,jakevirtanen,27,1996-08-17,New Westminster,BC,CAN,CAN,73,226,2014,VAN,1,6,6
460,8475178,Zack Kassian,EDM,R,https://assets.nhle.com/mugs/nhl/20182019/EDM/8475178.png,https://assets.nhle.com/logos/nhl/svg/EDM_20172018-20212022_light.svg,zackkassian,32,1991-01-24,Windsor,ON,CAN,CAN,75,211,2009,BUF,1,13,13
461,8478027,Lucas Wallmark,CAR,C,https://assets.nhle.com/mugs/nhl/20182019/CAR/8478027.png,https://assets.nhle.com/logos/nhl/svg/CAR_light.svg,lucaswallmark,28,1995-09-05,Umea,,SWE,SWE,72,178,2014,CAR,4,7,97
462,8476467,Jamie Oleksiak,DAL,D,https://assets.nhle.com/mugs/nhl/20182019/DAL/8476467.png,https://assets.nhle.com/logos/nhl/svg/DAL_20122013-20202021_light.svg,jamieoleksiak,30,1992-12-21,Toronto,ON,CAN,CAN,79,257,2011,DAL,1,14,14
463,8474176,Carl Hagelin,WSH,L,https://assets.nhle.com/mugs/nhl/20182019/WSH/8474176.png,https://assets.nhle.com/logos/nhl/svg/WSH_light.svg,carlhagelin,35,1988-08-23,Sodertalje,,SWE,SWE,72,183,2007,NYR,6,17,168
464,8475857,Kevin Gravel,EDM,D,https://assets.nhle.com/mugs/nhl/20182019/EDM/8475857.png,https://assets.nhle.com/logos/nhl/svg/EDM_20172018-20212022_light.svg,kevingravel,31,1992-03-06,Kingsford,MI,USA,USA,76,205,2010,L.A,5,28,148
465,8476468,J.T. Miller,TBL,C,https://assets.nhle.com/mugs/nhl/20182019/TBL/8476468.png,https://assets.nhle.com/logos/nhl/svg/TBL_light.svg,jtmiller,30,1993-03-14,East Palestine,OH,USA,USA,73,218,2011,NYR,1,15,15
466,8478366,Frank Vatrano,FLA,R,https://assets.nhle.com/mugs/nhl/20182019/FLA/8478366.png,https://assets.nhle.com/logos/nhl/svg/FLA_light.svg,frankvatrano,29,1994-03-14,East Longmeadow,MA,USA,USA,71,197,-,-,-,-,-
467,8480830,Andrei Svechnikov,CAR,R,https://assets.nhle.com/mugs/nhl/20182019/CAR/8480830.png,https://assets.nhle.com/logos/nhl/svg/CAR_light.svg,andreisvechnikov,23,2000-03-26,Barnual,,RUS,RUS,74,195,2018,CAR,1,2,2
468,8478463,Anthony Beauvillier,NYI,L,https://assets.nhle.com/mugs/nhl/20182019/NYI/8478463.png,https://assets.nhle.com/logos/nhl/svg/NYI_light.svg,anthonybeauvillier,26,1997-06-08,Sorel-Tracy,QC,CAN,CAN,71,180,2015,NYI,1,28,28
469,8476392,Adam Lowry,WPG,C,https://assets.nhle.com/mugs/nhl/20182019/WPG/8476392.png,https://assets.nhle.com/logos/nhl/svg/WPG_light.svg,adamlowry,30,1993-03-29,St. Louis,MO,USA,USA,78,208,2011,WPG,3,6,67
470,8474000,Steven Kampfer,BOS,D,https://assets.nhle.com/mugs/nhl/20182019/BOS/8474000.png,https://assets.nhle.com/logos/nhl/svg/BOS_20082009-20222023_light.svg,stevenkampfer,35,1988-09-24,Ann Arbor,MI,USA,USA,71,198,2007,ANA,4,2,93
471,8477839,Conor Sheary,BUF,L,https://assets.nhle.com/mugs/nhl/20182019/BUF/8477839.png,https://assets.nhle.com/logos/nhl/svg/BUF_20102011-20192020_light.svg,conorsheary,31,1992-06-08,Winchester,MA,USA,USA,69,179,-,-,-,-,-
472,8476857,Pontus Aberg,MIN,L,https://assets.nhle.com/mugs/nhl/20182019/MIN/8476857.png,https://assets.nhle.com/logos/nhl/svg/MIN_light.svg,pontusaberg,30,1993-09-23,Stockholm,,SWE,SWE,71,194,2012,NSH,2,7,37
473,8480031,Maxime Comtois,ANA,L,https://assets.nhle.com/mugs/nhl/20182019/ANA/8480031.png,https://assets.nhle.com/logos/nhl/svg/ANA_20132014-20232024_light.svg,maxcomtois,24,1999-01-08,Longueuil,QC,CAN,CAN,74,210,2017,ANA,2,19,50
474,8479324,Ryan Lindgren,NYR,D,https://assets.nhle.com/mugs/nhl/20182019/NYR/8479324.png,https://assets.nhle.com/logos/nhl/svg/NYR_light.svg,ryanlindgren,25,1998-02-11,Burnsville,MN,USA,USA,72,190,2016,BOS,2,19,49
475,8474040,Sam Gagner,EDM,C,https://assets.nhle.com/mugs/nhl/20182019/EDM/8474040.png,https://assets.nhle.com/logos/nhl/svg/EDM_20172018-20212022_light.svg,samgagner,34,1989-08-10,London,ON,CAN,CAN,71,201,2007,EDM,1,6,6
476,8471794,Darren Helm,DET,C,https://assets.nhle.com/mugs/nhl/20182019/DET/8471794.png,https://assets.nhle.com/logos/nhl/svg/DET_light.svg,darrenhelm,36,1987-01-21,St. Andrews,MB,CAN,CAN,72,192,2005,DET,5,7,132
477,8474038,Paul Byron,MTL,L,https://assets.nhle.com/mugs/nhl/20182019/MTL/8474038.png,https://assets.nhle.com/logos/nhl/svg/MTL_light.svg,paulbyron,34,1989-04-27,Ottawa,ON,CAN,CAN,69,164,2007,BUF,6,28,179
478,8477085,Ashton Sautner,VAN,D,https://assets.nhle.com/mugs/nhl/20182019/VAN/8477085.png,https://assets.nhle.com/logos/nhl/svg/VAN_20072008-20182019_light.svg,ashtonsautner,29,1994-05-27,Flin Flon,MB,CAN,CAN,73,195,-,-,-,-,-
479,8477034,Jaycob Megna,ANA,D,https://assets.nhle.com/mugs/nhl/20182019/ANA/8477034.png,https://assets.nhle.com/logos/nhl/svg/ANA_20132014-20232024_light.svg,jaycobmegna,31,1992-12-10,Plantation,FL,USA,USA,78,220,2012,ANA,7,29,210
480,8477955,Jared McCann,PIT,L,https://assets.nhle.com/mugs/nhl/20182019/PIT/8477955.png,https://assets.nhle.com/logos/nhl/svg/PIT_light.svg,jaredmccann,27,1996-05-31,Stratford,ON,CAN,CAN,73,191,2014,VAN,1,24,24
481,8477959,Joshua Ho-Sang,NYI,R,https://assets.nhle.com/mugs/nhl/20182019/NYI/8477959.png,https://assets.nhle.com/logos/nhl/svg/NYI_light.svg,joshhosang,27,1996-01-22,Toronto,ON,CAN,CAN,72,173,2014,NYI,1,28,28
482,8477960,Adrian Kempe,LAK,R,https://assets.nhle.com/mugs/nhl/20182019/LAK/8477960.png,https://assets.nhle.com/logos/nhl/svg/LAK_20112012-20182019_light.svg,adriankempe,27,1996-09-13,Kramfors,,SWE,SWE,74,200,2014,L.A,1,29,29
483,8475766,Austin Watson,NSH,L,https://assets.nhle.com/mugs/nhl/20182019/NSH/8475766.png,https://assets.nhle.com/logos/nhl/svg/NSH_light.svg,austinwatson,31,1992-01-13,Ann Arbor,MI,USA,USA,76,204,2010,NSH,1,18,18
484,8476921,Jordan Martinook,CAR,L,https://assets.nhle.com/mugs/nhl/20182019/CAR/8476921.png,https://assets.nhle.com/logos/nhl/svg/CAR_light.svg,jordanmartinook,31,1992-07-25,Brandon,MB,CAN,CAN,72,196,2012,PHX,2,28,58
485,8475204,Brandon Pirri,VGK,C,https://assets.nhle.com/mugs/nhl/20182019/VGK/8475204.png,https://assets.nhle.com/logos/nhl/svg/VGK_light.svg,brandonpirri,32,1991-04-10,Toronto,ON,CAN,CAN,72,180,2009,CHI,2,29,59
486,8479465,Drake Caggiula,CHI,L,https://assets.nhle.com/mugs/nhl/20182019/CHI/8479465.png,https://assets.nhle.com/logos/nhl/svg/CHI_light.svg,drakecaggiula,29,1994-06-20,Pickering,ON,CAN,CAN,70,176,-,-,-,-,-
487,8473546,Michael Grabner,ARI,L,https://assets.nhle.com/mugs/nhl/20182019/ARI/8473546.png,https://assets.nhle.com/logos/nhl/svg/ARI_20142015-20202021_light.svg,michaelgrabner,36,1987-10-05,Villach,,AUT,AUT,73,188,2006,VAN,1,14,14
488,8477989,Christian Dvorak,ARI,C,https://assets.nhle.com/mugs/nhl/20182019/ARI/8477989.png,https://assets.nhle.com/logos/nhl/svg/ARI_20142015-20202021_light.svg,christiandvorak,27,1996-02-02,Palos,IL,USA,USA,73,193,2014,ARI,2,28,58
489,8475841,Tim Heed,SJS,D,https://assets.nhle.com/mugs/nhl/20182019/SJS/8475841.png,https://assets.nhle.com/logos/nhl/svg/SJS_light.svg,timheed,32,1991-01-27,Gothenburg,,SWE,SWE,72,180,2010,ANA,5,12,132
490,8478868,Christian Jaros,OTT,D,https://assets.nhle.com/mugs/nhl/20182019/OTT/8478868.png,https://assets.nhle.com/logos/nhl/svg/OTT_20072008-20192020_light.svg,christianjaros,27,1996-04-02,Kosice,,SVK,SVK,75,222,2015,OTT,5,18,139
491,8476934,Brock McGinn,CAR,L,https://assets.nhle.com/mugs/nhl/20182019/CAR/8476934.png,https://assets.nhle.com/logos/nhl/svg/CAR_light.svg,brockmcginn,29,1994-02-02,Fergus,ON,CAN,CAN,72,187,2012,CAR,2,17,47
492,8479372,Joshua Mahura,ANA,D,https://assets.nhle.com/mugs/nhl/20182019/ANA/8479372.png,https://assets.nhle.com/logos/nhl/svg/ANA_20132014-20232024_light.svg,joshmahura,25,1998-05-05,St. Albert,AB,CAN,CAN,72,185,2016,ANA,3,24,85
493,8475728,Johan Larsson,BUF,L,https://assets.nhle.com/mugs/nhl/20182019/BUF/8475728.png,https://assets.nhle.com/logos/nhl/svg/BUF_20102011-20192020_light.svg,johanlarsson,31,1992-07-25,Lau,,SWE,SWE,71,206,2010,MIN,2,26,56
494,8470047,Valtteri Filppula,NYI,C,https://assets.nhle.com/mugs/nhl/20182019/NYI/8470047.png,https://assets.nhle.com/logos/nhl/svg/NYI_light.svg,valtterifilppula,39,1984-03-20,Vantaa,,FIN,FIN,72,189,2002,DET,3,32,95
495,8476913,Devin Shore,ANA,C,https://assets.nhle.com/mugs/nhl/20182019/ANA/8476913.png,https://assets.nhle.com/logos/nhl/svg/ANA_20132014-20232024_light.svg,devinshore,29,1994-07-19,Ajax,ON,CAN,CAN,73,206,2012,DAL,2,31,61
496,8478841,Colton White,NJD,D,https://assets.nhle.com/mugs/nhl/20182019/NJD/8478841.png,https://assets.nhle.com/logos/nhl/svg/NJD_light.svg,coltonwhite,26,1997-05-03,London,ON,CAN,CAN,73,187,2015,N.J,4,6,97
497,8474685,Matt Calvert,COL,L,https://assets.nhle.com/mugs/nhl/20182019/COL/8474685.png,https://assets.nhle.com/logos/nhl/svg/COL_light.svg,mattcalvert,33,1989-12-24,Brandon,MB,CAN,CAN,71,186,2008,CBJ,5,6,127
498,8471743,Vladimir Sobotka,BUF,C,https://assets.nhle.com/mugs/nhl/20182019/BUF/8471743.png,https://assets.nhle.com/logos/nhl/svg/BUF_20102011-20192020_light.svg,vladimirsobotka,36,1987-07-02,Trebic,,CZE,CZE,70,191,2005,BOS,4,15,106
499,8474034,Patrick Maroon,STL,L,https://assets.nhle.com/mugs/nhl/20182019/STL/8474034.png,https://assets.nhle.com/logos/nhl/svg/STL_light.svg,patmaroon,35,1988-04-23,St. Louis,MO,USA,USA,75,234,2007,PHI,6,10,161
500,8478399,Jonas Siegenthaler,WSH,D,https://assets.nhle.com/mugs/nhl/20182019/WSH/8478399.png,https://assets.nhle.com/logos/nhl/svg/WSH_light.svg,jonassiegenthaler,26,1997-05-06,Zurich,,CHE,CHE,74,218,2015,WSH,2,27,57
501,8480946,Dominik Kahun,CHI,C,https://assets.nhle.com/mugs/nhl/20182019/CHI/8480946.png,https://assets.nhle.com/logos/nhl/svg/CHI_light.svg,dominikkahun,28,1995-07-02,Plana,,CZE,DEU,71,175,-,-,-,-,-
502,8470598,Thomas Vanek,DET,L,https://assets.nhle.com/mugs/nhl/20182019/DET/8470598.png,https://assets.nhle.com/logos/nhl/svg/DET_light.svg,thomasvanek,39,1984-01-19,Vienna,,AUT,AUT,74,214,2003,BUF,1,5,5
503,8479293,Brandon Tanev,WPG,L,https://assets.nhle.com/mugs/nhl/20182019/WPG/8479293.png,https://assets.nhle.com/logos/nhl/svg/WPG_light.svg,brandontanev,31,1991-12-31,Toronto,ON,CAN,CAN,72,189,-,-,-,-,-
504,8475907,Micheal Ferland,CAR,L,https://assets.nhle.com/mugs/nhl/20182019/CAR/8475907.png,https://assets.nhle.com/logos/nhl/svg/CAR_light.svg,michealferland,31,1992-04-20,Swan River,MB,CAN,CAN,74,217,2010,CGY,5,13,133
505,8470626,Loui Eriksson,VAN,L,https://assets.nhle.com/mugs/nhl/20182019/VAN/8470626.png,https://assets.nhle.com/logos/nhl/svg/VAN_20072008-20182019_light.svg,louieriksson,38,1985-07-17,Gothenburg,,SWE,SWE,74,179,2003,DAL,2,3,33
506,8478449,Roope Hintz,DAL,C,https://assets.nhle.com/mugs/nhl/20182019/DAL/8478449.png,https://assets.nhle.com/logos/nhl/svg/DAL_20122013-20202021_light.svg,roopehintz,27,1996-11-17,Tampere,,FIN,FIN,75,215,2015,DAL,2,19,49
507,8476871,Tanner Pearson,VAN,L,https://assets.nhle.com/mugs/nhl/20182019/VAN/8476871.png,https://assets.nhle.com/logos/nhl/svg/VAN_20072008-20182019_light.svg,tannerpearson,31,1992-08-10,Kitchener,ON,CAN,CAN,73,201,2012,L.A,1,30,30
508,8477944,Jakub Vrana,WSH,L,https://assets.nhle.com/mugs/nhl/20182019/WSH/8477944.png,https://assets.nhle.com/logos/nhl/svg/WSH_light.svg,jakubvrana,27,1996-02-28,Prague,,CZE,CZE,72,190,2014,WSH,1,13,13
509,8471761,Chris Butler,STL,D,https://assets.nhle.com/mugs/nhl/20182019/STL/8471761.png,https://assets.nhle.com/logos/nhl/svg/STL_light.svg,chrisbutler,37,1986-10-27,St. Louis,MO,USA,USA,73,196,2005,BUF,4,5,96
510,8476410,Josh Leivo,VAN,L,https://assets.nhle.com/mugs/nhl/20182019/VAN/8476410.png,https://assets.nhle.com/logos/nhl/svg/VAN_20072008-20182019_light.svg,joshleivo,30,1993-05-26,Innisfil,ON,CAN,CAN,74,192,2011,TOR,3,25,86
511,8475231,Casey Cizikas,NYI,C,https://assets.nhle.com/mugs/nhl/20182019/NYI/8475231.png,https://assets.nhle.com/logos/nhl/svg/NYI_light.svg,caseycizikas,32,1991-02-27,Toronto,ON,CAN,CAN,71,190,2009,NYI,4,1,92
512,8474571,Mikkel Boedker,OTT,L,https://assets.nhle.com/mugs/nhl/20182019/OTT/8474571.png,https://assets.nhle.com/logos/nhl/svg/OTT_20072008-20192020_light.svg,mikkelboedker,33,1989-12-16,Brondby,,DNK,DNK,72,207,2008,PHX,1,8,8
513,8473453,Trevor Lewis,LAK,C,https://assets.nhle.com/mugs/nhl/20182019/LAK/8473453.png,https://assets.nhle.com/logos/nhl/svg/LAK_20112012-20182019_light.svg,trevorlewis,36,1987-01-08,Salt Lake City,UT,USA,USA,73,201,2006,L.A,1,17,17
514,8478099,Kevin Labanc,SJS,R,https://assets.nhle.com/mugs/nhl/20182019/SJS/8478099.png,https://assets.nhle.com/logos/nhl/svg/SJS_light.svg,kevinlabanc,28,1995-12-12,Brooklyn,NY,USA,USA,71,185,2014,S.J,6,21,171
515,8480943,Igor Ozhiganov,TOR,D,https://assets.nhle.com/mugs/nhl/20182019/TOR/8480943.png,https://assets.nhle.com/logos/nhl/svg/TOR_light.svg,igorozhiganov,31,1992-10-13,Krasnogorsk,,RUS,RUS,74,210,-,-,-,-,-
516,8473504,Cal Clutterbuck,NYI,R,https://assets.nhle.com/mugs/nhl/20182019/NYI/8473504.png,https://assets.nhle.com/logos/nhl/svg/NYI_light.svg,calclutterbuck,36,1987-11-18,Welland,ON,CAN,CAN,72,212,2006,MIN,3,9,72
517,8478046,Danton Heinen,BOS,L,https://assets.nhle.com/mugs/nhl/20182019/BOS/8478046.png,https://assets.nhle.com/logos/nhl/svg/BOS_20082009-20222023_light.svg,dantonheinen,28,1995-07-05,Langley,BC,CAN,CAN,73,188,2014,BOS,4,26,116
518,8476476,Joe Morrow,WPG,D,https://assets.nhle.com/mugs/nhl/20182019/WPG/8476476.png,https://assets.nhle.com/logos/nhl/svg/WPG_light.svg,joemorrow,31,1992-12-09,Edmonton,AB,CAN,CAN,72,196,2011,PIT,1,23,23
519,8478873,Troy Terry,ANA,R,https://assets.nhle.com/mugs/nhl/20182019/ANA/8478873.png,https://assets.nhle.com/logos/nhl/svg/ANA_20132014-20232024_light.svg,troyterry,26,1997-09-10,Denver,CO,USA,USA,72,185,2015,ANA,5,27,148
520,8480144,David Kampf,CHI,C,https://assets.nhle.com/mugs/nhl/20182019/CHI/8480144.png,https://assets.nhle.com/logos/nhl/svg/CHI_light.svg,davidkampf,28,1995-01-12,Chomutov,,CZE,CZE,74,197,-,-,-,-,-
521,8478915,Sami Niku,WPG,D,https://assets.nhle.com/mugs/nhl/20182019/WPG/8478915.png,https://assets.nhle.com/logos/nhl/svg/WPG_light.svg,saminiku,27,1996-10-10,Haapavesi,,FIN,FIN,73,176,2015,WPG,7,17,198
522,8474568,Luke Schenn,VAN,D,https://assets.nhle.com/mugs/nhl/20182019/VAN/8474568.png,https://assets.nhle.com/logos/nhl/svg/VAN_20072008-20182019_light.svg,lukeschenn,34,1989-11-02,Saskatoon,SK,CAN,CAN,74,225,2008,TOR,1,5,5
523,8473463,Leo Komarov,NYI,R,https://assets.nhle.com/mugs/nhl/20182019/NYI/8473463.png,https://assets.nhle.com/logos/nhl/svg/NYI_light.svg,leokomarov,36,1987-01-23,Narva,,EST,FIN,71,205,2006,TOR,6,27,180
524,8470622,Patrick Eaves,ANA,R,https://assets.nhle.com/mugs/nhl/20182019/ANA/8470622.png,https://assets.nhle.com/logos/nhl/svg/ANA_20132014-20232024_light.svg,pateaves,39,1984-05-01,Calgary,AB,CAN,USA,70,203,2003,OTT,1,29,29
525,8479411,Vitaly Abramov,OTT,L,https://assets.nhle.com/mugs/nhl/20182019/OTT/8479411.png,https://assets.nhle.com/logos/nhl/svg/OTT_20072008-20192020_light.svg,vitalyabramov,25,1998-05-08,Chelyabinsk,,RUS,RUS,69,180,2016,CBJ,3,4,65
526,8478488,Filip Chlapik,OTT,C,https://assets.nhle.com/mugs/nhl/20182019/OTT/8478488.png,https://assets.nhle.com/logos/nhl/svg/OTT_20072008-20192020_light.svg,filipchlapik,26,1997-06-03,Prague,,CZE,CZE,73,194,2015,OTT,2,18,48
527,8476166,Taylor Fedun,DAL,D,https://assets.nhle.com/mugs/nhl/20182019/DAL/8476166.png,https://assets.nhle.com/logos/nhl/svg/DAL_20122013-20202021_light.svg,taylorfedun,35,1988-06-04,Edmonton,AB,CAN,CAN,73,200,-,-,-,-,-
528,8471217,Andrew Ladd,NYI,L,https://assets.nhle.com/mugs/nhl/20182019/NYI/8471217.png,https://assets.nhle.com/logos/nhl/svg/NYI_light.svg,andrewladd,38,1985-12-12,Maple Ridge,BC,CAN,CAN,75,205,2004,CAR,1,4,4
529,8476897,Oskar Sundqvist,STL,C,https://assets.nhle.com/mugs/nhl/20182019/STL/8476897.png,https://assets.nhle.com/logos/nhl/svg/STL_light.svg,oskarsundqvist,29,1994-03-23,Boden,,SWE,SWE,75,220,2012,PIT,3,20,81
530,8478585,Derek Ryan,CGY,C,https://assets.nhle.com/mugs/nhl/20182019/CGY/8478585.png,https://assets.nhle.com/logos/nhl/svg/CGY_19941995-20192020_light.svg,derekryan,36,1986-12-29,Spokane,WA,USA,USA,70,185,-,-,-,-,-
531,8475869,Brandon Davidson,CHI,D,https://assets.nhle.com/mugs/nhl/20182019/CHI/8475869.png,https://assets.nhle.com/logos/nhl/svg/CHI_light.svg,brandondavidson,32,1991-08-21,Taber,AB,CAN,CAN,74,204,2010,EDM,6,12,162
532,8477015,Connor Brown,TOR,R,https://assets.nhle.com/mugs/nhl/20182019/TOR/8477015.png,https://assets.nhle.com/logos/nhl/svg/TOR_light.svg,connorbrown,29,1994-01-14,Toronto,ON,CAN,CAN,72,181,2012,TOR,6,5,156
533,8477343,Tyler Lewington,WSH,D,https://assets.nhle.com/mugs/nhl/20182019/WSH/8477343.png,https://assets.nhle.com/logos/nhl/svg/WSH_light.svg,tylerlewington,29,1994-12-05,Edmonton,AB,CAN,CAN,74,195,2013,WSH,7,23,204
534,8480078,Filip Chytil,NYR,C,https://assets.nhle.com/mugs/nhl/20182019/NYR/8480078.png,https://assets.nhle.com/logos/nhl/svg/NYR_light.svg,filipchytil,24,1999-09-05,Kromeriz,,CZE,CZE,74,204,2017,NYR,1,21,21
535,8473449,Kyle Okposo,BUF,R,https://assets.nhle.com/mugs/nhl/20182019/BUF/8473449.png,https://assets.nhle.com/logos/nhl/svg/BUF_20102011-20192020_light.svg,kyleokposo,35,1988-04-16,St. Paul,MN,USA,USA,72,218,2006,NYI,1,7,7
536,8476894,Brendan Leipsic,LAK,L,https://assets.nhle.com/mugs/nhl/20182019/LAK/8476894.png,https://assets.nhle.com/logos/nhl/svg/LAK_20112012-20182019_light.svg,brendanleipsic,29,1994-05-19,Winnipeg,MB,CAN,CAN,70,180,2012,NSH,3,28,89
537,8474025,Eric Tangradi,NJD,L,https://assets.nhle.com/mugs/nhl/20182019/NJD/8474025.png,https://assets.nhle.com/logos/nhl/svg/NJD_light.svg,erictangradi,34,1989-02-10,Philadelphia,PA,USA,USA,76,226,2007,ANA,2,12,42
538,8476374,Sean Kuraly,BOS,C,https://assets.nhle.com/mugs/nhl/20182019/BOS/8476374.png,https://assets.nhle.com/logos/nhl/svg/BOS_20082009-20222023_light.svg,seankuraly,30,1993-01-20,Dublin,OH,USA,USA,74,213,2011,S.J,5,12,133
539,8476442,Matt Nieto,COL,L,https://assets.nhle.com/mugs/nhl/20182019/COL/8476442.png,https://assets.nhle.com/logos/nhl/svg/COL_light.svg,mattnieto,31,1992-11-05,Long Beach,CA,USA,USA,71,187,2011,S.J,2,17,47
540,8477320,Anton Blidh,BOS,L,https://assets.nhle.com/mugs/nhl/20182019/BOS/8477320.png,https://assets.nhle.com/logos/nhl/svg/BOS_20082009-20222023_light.svg,antonblidh,28,1995-03-14,Molnlycke,,SWE,SWE,73,197,2013,BOS,6,29,180
541,8474849,Antoine Roussel,VAN,L,https://assets.nhle.com/mugs/nhl/20182019/VAN/8474849.png,https://assets.nhle.com/logos/nhl/svg/VAN_20072008-20182019_light.svg,antoineroussel,34,1989-11-21,Roubaix,,FRA,FRA,71,200,-,-,-,-,-
542,8478067,Oskar Lindblom,PHI,L,https://assets.nhle.com/mugs/nhl/20182019/PHI/8478067.png,https://assets.nhle.com/logos/nhl/svg/PHI_19992000-20222023_light.svg,oskarlindblom,27,1996-08-15,Gävle,,SWE,SWE,73,191,2014,PHI,5,18,138
543,8480829,Jesperi Kotkaniemi,MTL,C,https://assets.nhle.com/mugs/nhl/20182019/MTL/8480829.png,https://assets.nhle.com/logos/nhl/svg/MTL_light.svg,jesperikotkaniemi,23,2000-07-06,Pori,,FIN,FIN,74,201,2018,MTL,1,3,3
544,8480950,Ilya Lyubushkin,ARI,D,https://assets.nhle.com/mugs/nhl/20182019/ARI/8480950.png,https://assets.nhle.com/logos/nhl/svg/ARI_20142015-20202021_light.svg,ilyalyubushkin,29,1994-04-06,Moscow,,RUS,RUS,74,200,-,-,-,-,-
545,8477945,Julius Honka,DAL,D,https://assets.nhle.com/mugs/nhl/20182019/DAL/8477945.png,https://assets.nhle.com/logos/nhl/svg/DAL_20122013-20202021_light.svg,juliushonka,28,1995-12-03,Jyväskylä,,FIN,FIN,71,180,2014,DAL,1,14,14
546,8477987,Ryan Donato,MIN,C,https://assets.nhle.com/mugs/nhl/20182019/MIN/8477987.png,https://assets.nhle.com/logos/nhl/svg/MIN_light.svg,ryandonato,27,1996-04-09,Boston,MA,USA,USA,72,190,2014,BOS,2,26,56
547,8477425,Miles Wood,NJD,L,https://assets.nhle.com/mugs/nhl/20182019/NJD/8477425.png,https://assets.nhle.com/logos/nhl/svg/NJD_light.svg,mileswood,28,1995-09-13,Buffalo,NY,USA,USA,74,195,2013,N.J,4,9,100
548,8477810,Joel Hanley,DAL,D,https://assets.nhle.com/mugs/nhl/20182019/DAL/8477810.png,https://assets.nhle.com/logos/nhl/svg/DAL_20122013-20202021_light.svg,joelhanley,32,1991-06-08,Keswick,ON,CAN,CAN,71,190,-,-,-,-,-
549,8479250,Nick Lappin,NJD,R,https://assets.nhle.com/mugs/nhl/20182019/NJD/8479250.png,https://assets.nhle.com/logos/nhl/svg/NJD_light.svg,nicklappin,31,1992-11-01,Geneva,IL,USA,USA,73,175,-,-,-,-,-
550,8477341,Andreas Johnsson,TOR,L,https://assets.nhle.com/mugs/nhl/20182019/TOR/8477341.png,https://assets.nhle.com/logos/nhl/svg/TOR_light.svg,andreasjohnsson,29,1994-11-21,Gävle,,SWE,SWE,70,195,2013,TOR,7,21,202
551,8481425,Josh Teves,VAN,D,https://assets.nhle.com/mugs/nhl/20182019/VAN/8481425.png,https://assets.nhle.com/logos/nhl/svg/VAN_20072008-20182019_light.svg,joshteves,28,1995-02-18,CALGARY,AB,CAN,CAN,72,170,-,-,-,-,-
552,8474873,Brian Lashoff,DET,D,https://assets.nhle.com/mugs/nhl/20182019/DET/8474873.png,https://assets.nhle.com/logos/nhl/svg/DET_light.svg,brianlashoff,33,1990-07-16,Albany,NY,USA,USA,75,215,-,-,-,-,-
553,8479944,Zach Aston-Reese,PIT,C,https://assets.nhle.com/mugs/nhl/20182019/PIT/8479944.png,https://assets.nhle.com/logos/nhl/svg/PIT_light.svg,zachastonreese,29,1994-08-10,Staten Island,NY,USA,USA,73,205,-,-,-,-,-
554,8474291,Jay Beagle,VAN,C,https://assets.nhle.com/mugs/nhl/20182019/VAN/8474291.png,https://assets.nhle.com/logos/nhl/svg/VAN_20072008-20182019_light.svg,jaybeagle,38,1985-10-16,Calgary,AB,CAN,CAN,75,210,-,-,-,-,-
555,8478413,Jordan Greenway,MIN,L,https://assets.nhle.com/mugs/nhl/20182019/MIN/8478413.png,https://assets.nhle.com/logos/nhl/svg/MIN_light.svg,jordangreenway,26,1997-02-16,Canton,NY,USA,USA,78,231,2015,MIN,2,20,50
556,8476878,Zemgus Girgensons,BUF,C,https://assets.nhle.com/mugs/nhl/20182019/BUF/8476878.png,https://assets.nhle.com/logos/nhl/svg/BUF_20102011-20192020_light.svg,zemgusgirgensons,29,1994-01-05,Riga,,LVA,LVA,74,200,2012,BUF,1,14,14
557,8477043,Christian Djoos,WSH,D,https://assets.nhle.com/mugs/nhl/20182019/WSH/8477043.png,https://assets.nhle.com/logos/nhl/svg/WSH_light.svg,christiandjoos,29,1994-08-06,Gothenburg,,SWE,SWE,72,180,2012,WSH,7,14,195
558,8476326,Josh Archibald,ARI,R,https://assets.nhle.com/mugs/nhl/20182019/ARI/8476326.png,https://assets.nhle.com/logos/nhl/svg/ARI_20142015-20202021_light.svg,josharchibald,31,1992-10-06,Regina,SK,CAN,CAN,70,176,2011,PIT,6,23,174
559,8474569,Colin Wilson,COL,C,https://assets.nhle.com/mugs/nhl/20182019/COL/8474569.png,https://assets.nhle.com/logos/nhl/svg/COL_light.svg,colinwilson,34,1989-10-20,Greenwich,CT,USA,USA,73,215,2008,NSH,1,7,7
560,8476393,Nick Cousins,ARI,C,https://assets.nhle.com/mugs/nhl/20182019/ARI/8476393.png,https://assets.nhle.com/logos/nhl/svg/ARI_20142015-20202021_light.svg,nickcousins,30,1993-07-20,Belleville,ON,CAN,CAN,71,192,2011,PHI,3,7,68
561,8478493,Joel Eriksson Ek,MIN,C,https://assets.nhle.com/mugs/nhl/20182019/MIN/8478493.png,https://assets.nhle.com/logos/nhl/svg/MIN_light.svg,joelerikssonek,26,1997-01-29,Karlstad,,SWE,SWE,75,207,2015,MIN,1,20,20
562,8475807,Joakim Nordstrom,BOS,C,https://assets.nhle.com/mugs/nhl/20182019/BOS/8475807.png,https://assets.nhle.com/logos/nhl/svg/BOS_20082009-20222023_light.svg,joakimnordstrom,31,1992-02-25,Stockholm,,SWE,SWE,73,194,2010,CHI,3,30,90
563,8475175,Magnus Paajarvi,OTT,L,https://assets.nhle.com/mugs/nhl/20182019/OTT/8475175.png,https://assets.nhle.com/logos/nhl/svg/OTT_20072008-20192020_light.svg,magnuspaajarvi,32,1991-04-12,Norrkoping,,SWE,SWE,75,206,2009,EDM,1,10,10
564,8478567,Dean Kukan,CBJ,D,https://assets.nhle.com/mugs/nhl/20182019/CBJ/8478567.png,https://assets.nhle.com/logos/nhl/svg/CBJ_light.svg,deankukan,30,1993-07-08,Volketswil,,CHE,CHE,74,190,-,-,-,-,-
565,8475738,Jordan Weal,MTL,C,https://assets.nhle.com/mugs/nhl/20182019/MTL/8475738.png,https://assets.nhle.com/logos/nhl/svg/MTL_light.svg,jordanweal,31,1992-04-15,North Vancouver,BC,CAN,CAN,70,181,2010,L.A,3,10,70
566,8475772,Riley Sheahan,FLA,C,https://assets.nhle.com/mugs/nhl/20182019/FLA/8475772.png,https://assets.nhle.com/logos/nhl/svg/FLA_light.svg,rileysheahan,32,1991-12-07,St. Catharines,ON,CAN,CAN,74,214,2010,DET,1,21,21
567,8475780,Chris Wagner,BOS,R,https://assets.nhle.com/mugs/nhl/20182019/BOS/8475780.png,https://assets.nhle.com/logos/nhl/svg/BOS_20082009-20222023_light.svg,chriswagner,32,1991-05-27,Walpole,MA,USA,USA,72,192,2010,ANA,5,2,122
568,8479999,Casey Mittelstadt,BUF,C,https://assets.nhle.com/mugs/nhl/20182019/BUF/8479999.png,https://assets.nhle.com/logos/nhl/svg/BUF_20102011-20192020_light.svg,caseymittelstadt,25,1998-11-22,Edina,MN,USA,USA,73,195,2017,BUF,1,8,8
569,8470619,Brian Boyle,NSH,C,https://assets.nhle.com/mugs/nhl/20182019/NSH/8470619.png,https://assets.nhle.com/logos/nhl/svg/NSH_light.svg,brianboyle,38,1984-12-18,Hingham,MA,USA,USA,78,245,2003,L.A,1,26,26
570,8475820,Joonas Donskoi,SJS,R,https://assets.nhle.com/mugs/nhl/20182019/SJS/8475820.png,https://assets.nhle.com/logos/nhl/svg/SJS_light.svg,joonasdonskoi,31,1992-04-13,Raahe,,FIN,FIN,72,185,2010,FLA,4,9,99
571,8480208,Drake Batherson,OTT,R,https://assets.nhle.com/mugs/nhl/20182019/OTT/8480208.png,https://assets.nhle.com/logos/nhl/svg/OTT_20072008-20192020_light.svg,drakebatherson,25,1998-04-27,Fort Wayne,IN,USA,USA,75,200,2017,OTT,4,28,121
572,8475752,Tyler Pitlick,DAL,C,https://assets.nhle.com/mugs/nhl/20182019/DAL/8475752.png,https://assets.nhle.com/logos/nhl/svg/DAL_20122013-20202021_light.svg,tylerpitlick,32,1991-11-01,Minneapolis,MN,USA,USA,74,200,2010,EDM,2,1,31
573,8477450,Jason Dickinson,DAL,C,https://assets.nhle.com/mugs/nhl/20182019/DAL/8477450.png,https://assets.nhle.com/logos/nhl/svg/DAL_20122013-20202021_light.svg,jasondickinson,28,1995-07-04,Georgetown,ON,CAN,CAN,74,200,2013,DAL,1,29,29
574,8473564,Michael Frolik,CGY,R,https://assets.nhle.com/mugs/nhl/20182019/CGY/8473564.png,https://assets.nhle.com/logos/nhl/svg/CGY_19941995-20192020_light.svg,michaelfrolik,35,1988-02-17,Kladno,,CZE,CZE,73,186,2006,FLA,1,10,10
575,8481479,Brogan Rafferty,VAN,D,https://assets.nhle.com/mugs/nhl/20182019/VAN/8481479.png,https://assets.nhle.com/logos/nhl/svg/VAN_20072008-20182019_light.svg,broganrafferty,28,1995-05-28,WEST DUNDEE,IL,USA,USA,72,195,-,-,-,-,-
576,8477971,Andreas Englund,OTT,D,https://assets.nhle.com/mugs/nhl/20182019/OTT/8477971.png,https://assets.nhle.com/logos/nhl/svg/OTT_20072008-20192020_light.svg,andreasenglund,27,1996-01-21,Stockholm,,SWE,SWE,75,189,2014,OTT,2,10,40
577,8475792,Brett Connolly,WSH,R,https://assets.nhle.com/mugs/nhl/20182019/WSH/8475792.png,https://assets.nhle.com/logos/nhl/svg/WSH_light.svg,brettconnolly,31,1992-05-02,Campbell River,BC,CAN,CAN,75,198,2010,T.B,1,6,6
578,8478866,Dominik Simon,PIT,C,https://assets.nhle.com/mugs/nhl/20182019/PIT/8478866.png,https://assets.nhle.com/logos/nhl/svg/PIT_light.svg,dominiksimon,29,1994-08-08,Prague,,CZE,CZE,71,190,2015,PIT,5,16,137
579,8477452,Ian McCoshen,FLA,D,https://assets.nhle.com/mugs/nhl/20182019/FLA/8477452.png,https://assets.nhle.com/logos/nhl/svg/FLA_light.svg,ianmccoshen,28,1995-08-05,Anaheim,CA,USA,USA,75,210,2013,FLA,2,1,31
580,8477384,Joshua Brown,FLA,D,https://assets.nhle.com/mugs/nhl/20182019/FLA/8477384.png,https://assets.nhle.com/logos/nhl/svg/FLA_light.svg,joshbrown,29,1994-01-21,London,ON,CAN,CAN,77,220,2013,FLA,6,1,152
581,8477935,Sam Bennett,CGY,C,https://assets.nhle.com/mugs/nhl/20182019/CGY/8477935.png,https://assets.nhle.com/logos/nhl/svg/CGY_19941995-20192020_light.svg,sambennett,27,1996-06-20,Holland Landing,ON,CAN,CAN,73,195,2014,CGY,1,4,4
582,8480009,Eeli Tolvanen,NSH,R,https://assets.nhle.com/mugs/nhl/20182019/NSH/8480009.png,https://assets.nhle.com/logos/nhl/svg/NSH_light.svg,eelitolvanen,24,1999-04-22,Vihti,,FIN,FIN,70,191,2017,NSH,1,30,30
583,8469455,Jason Spezza,DAL,C,https://assets.nhle.com/mugs/nhl/20182019/DAL/8469455.png,https://assets.nhle.com/logos/nhl/svg/DAL_20122013-20202021_light.svg,jasonspezza,40,1983-06-13,Toronto,ON,CAN,CAN,75,219,2001,OTT,1,2,2
584,8476370,Blake Pietila,NJD,L,https://assets.nhle.com/mugs/nhl/20182019/NJD/8476370.png,https://assets.nhle.com/logos/nhl/svg/NJD_light.svg,blakepietila,30,1993-02-20,Milford,MI,USA,USA,71,200,2011,N.J,5,8,129
585,8473473,Milan Lucic,EDM,L,https://assets.nhle.com/mugs/nhl/20182019/EDM/8473473.png,https://assets.nhle.com/logos/nhl/svg/EDM_20172018-20212022_light.svg,milanlucic,35,1988-06-07,Vancouver,BC,CAN,CAN,75,240,2006,BOS,2,20,50
586,8476983,Paul LaDue,LAK,D,https://assets.nhle.com/mugs/nhl/20182019/LAK/8476983.png,https://assets.nhle.com/logos/nhl/svg/LAK_20112012-20182019_light.svg,paulladue,31,1992-09-06,Grand Forks,ND,USA,USA,75,205,2012,L.A,6,30,181
587,8479368,Max Jones,ANA,L,https://assets.nhle.com/mugs/nhl/20182019/ANA/8479368.png,https://assets.nhle.com/logos/nhl/svg/ANA_20132014-20232024_light.svg,maxjones,25,1998-02-17,Rochester,MI,USA,USA,75,216,2016,ANA,1,24,24
588,8478432,Christian Fischer,ARI,R,https://assets.nhle.com/mugs/nhl/20182019/ARI/8478432.png,https://assets.nhle.com/logos/nhl/svg/ARI_20142015-20202021_light.svg,christianfischer,26,1997-04-15,Chicago,IL,USA,USA,74,212,2015,ARI,2,2,32
589,8478011,Louie Belpedio,MIN,D,https://assets.nhle.com/mugs/nhl/20182019/MIN/8478011.png,https://assets.nhle.com/logos/nhl/svg/MIN_light.svg,louiebelpedio,27,1996-05-14,Skokie,IL,USA,USA,71,197,2014,MIN,3,20,80
590,8477451,Ryan Hartman,PHI,R,https://assets.nhle.com/mugs/nhl/20182019/PHI/8477451.png,https://assets.nhle.com/logos/nhl/svg/PHI_19992000-20222023_light.svg,ryanhartman,29,1994-09-20,Hilton Head Isl.,SC,USA,USA,72,197,2013,CHI,1,30,30
591,8474774,Dalton Prout,CGY,D,https://assets.nhle.com/mugs/nhl/20182019/CGY/8474774.png,https://assets.nhle.com/logos/nhl/svg/CGY_19941995-20192020_light.svg,daltonprout,33,1990-03-13,Kingsville,ON,CAN,CAN,75,215,2010,CBJ,6,4,154
592,8480023,Robert Thomas,STL,C,https://assets.nhle.com/mugs/nhl/20182019/STL/8480023.png,https://assets.nhle.com/logos/nhl/svg/STL_light.svg,robertthomas,24,1999-07-02,Aurora,ON,CAN,CAN,72,218,2017,STL,1,20,20
593,8479977,Kailer Yamamoto,EDM,R,https://assets.nhle.com/mugs/nhl/20182019/EDM/8479977.png,https://assets.nhle.com/logos/nhl/svg/EDM_20172018-20212022_light.svg,kaileryamamoto,25,1998-09-29,Spokane,WA,USA,USA,68,153,2017,EDM,1,22,22
594,8475227,Chris Wideman,FLA,D,https://assets.nhle.com/mugs/nhl/20182019/FLA/8475227.png,https://assets.nhle.com/logos/nhl/svg/FLA_light.svg,chriswideman,33,1990-01-07,St. Louis,MO,USA,USA,70,181,2009,OTT,4,9,100
595,8476449,Scott Harrington,CBJ,D,https://assets.nhle.com/mugs/nhl/20182019/CBJ/8476449.png,https://assets.nhle.com/logos/nhl/svg/CBJ_light.svg,scottharrington,30,1993-03-10,Kingston,ON,CAN,CAN,74,204,2011,PIT,2,24,54
596,8476971,Kevin Roy,ANA,C,https://assets.nhle.com/mugs/nhl/20182019/ANA/8476971.png,https://assets.nhle.com/logos/nhl/svg/ANA_20132014-20232024_light.svg,kevinroy,30,1993-05-20,Greenfield Park,QC,CAN,CAN,69,170,2012,ANA,4,6,97
597,8473534,Patrik Berglund,BUF,C,https://assets.nhle.com/mugs/nhl/20182019/BUF/8473534.png,https://assets.nhle.com/logos/nhl/svg/BUF_20102011-20192020_light.svg,patrikberglund,35,1988-06-02,Västerås,,SWE,SWE,76,215,2006,STL,1,25,25
598,8470655,David Backes,BOS,R,https://assets.nhle.com/mugs/nhl/20182019/BOS/8470655.png,https://assets.nhle.com/logos/nhl/svg/BOS_20082009-20222023_light.svg,davidbackes,39,1984-05-01,Minneapolis,MN,USA,USA,75,215,2003,STL,2,32,62
599,8480806,Isac Lundestrom,ANA,C,https://assets.nhle.com/mugs/nhl/20182019/ANA/8480806.png,https://assets.nhle.com/logos/nhl/svg/ANA_20132014-20232024_light.svg,isaclundestrom,24,1999-11-06,Gallivare,,SWE,SWE,72,193,2018,ANA,1,23,23
600,8479370,Tyson Jost,COL,C,https://assets.nhle.com/mugs/nhl/20182019/COL/8479370.png,https://assets.nhle.com/logos/nhl/svg/COL_light.svg,tysonjost,25,1998-03-14,St. Albert,AB,CAN,CAN,71,187,2016,COL,1,10,10
601,8470775,Nate Thompson,MTL,C,https://assets.nhle.com/mugs/nhl/20182019/MTL/8470775.png,https://assets.nhle.com/logos/nhl/svg/MTL_light.svg,nathanthompson,39,1984-10-05,Anchorage,AK,USA,USA,73,205,2003,BOS,6,16,183
602,8478569,Noel Acciari,BOS,C,https://assets.nhle.com/mugs/nhl/20182019/BOS/8478569.png,https://assets.nhle.com/logos/nhl/svg/BOS_20082009-20222023_light.svg,noelacciari,32,1991-12-01,Johnston,RI,USA,USA,70,209,-,-,-,-,-
603,8475834,Marcus Sorensen,SJS,L,https://assets.nhle.com/mugs/nhl/20182019/SJS/8475834.png,https://assets.nhle.com/logos/nhl/svg/SJS_light.svg,marcussorensen,31,1992-04-07,Sodertalje,,SWE,SWE,71,175,2010,OTT,4,16,106
604,8478474,Lawson Crouse,ARI,L,https://assets.nhle.com/mugs/nhl/20182019/ARI/8478474.png,https://assets.nhle.com/logos/nhl/svg/ARI_20142015-20202021_light.svg,lawsoncrouse,26,1997-06-23,Mt. Brydges,ON,CAN,CAN,76,215,2015,FLA,1,11,11
605,8473992,Justin Falk,OTT,D,https://assets.nhle.com/mugs/nhl/20182019/OTT/8473992.png,https://assets.nhle.com/logos/nhl/svg/OTT_20072008-20192020_light.svg,justinfalk,35,1988-10-11,Snowflake,MB,CAN,CAN,77,223,2007,MIN,4,19,110
606,8475844,Kenny Agostino,NJD,L,https://assets.nhle.com/mugs/nhl/20182019/NJD/8475844.png,https://assets.nhle.com/logos/nhl/svg/NJD_light.svg,kennyagostino,31,1992-04-30,Morristown,NJ,USA,USA,72,204,2010,PIT,5,20,140
607,8479315,Joey Anderson,NJD,R,https://assets.nhle.com/mugs/nhl/20182019/NJD/8479315.png,https://assets.nhle.com/logos/nhl/svg/NJD_light.svg,joeyanderson,25,1998-06-19,Roseville,MN,USA,USA,72,207,2016,N.J,3,12,73
608,8478843,Denis Malgin,FLA,C,https://assets.nhle.com/mugs/nhl/20182019/FLA/8478843.png,https://assets.nhle.com/logos/nhl/svg/FLA_light.svg,denismalgin,26,1997-01-18,Olten,,CHE,CHE,69,182,2015,FLA,4,11,102
609,8471691,Martin Hanzal,DAL,C,https://assets.nhle.com/mugs/nhl/20182019/DAL/8471691.png,https://assets.nhle.com/logos/nhl/svg/DAL_20122013-20202021_light.svg,martinhanzal,36,1987-02-20,Pisek,,CZE,CZE,78,230,2005,PHX,1,17,17
610,8480771,Daniel Brickley,LAK,D,https://assets.nhle.com/mugs/nhl/20182019/LAK/8480771.png,https://assets.nhle.com/logos/nhl/svg/LAK_20112012-20182019_light.svg,dannybrickley,28,1995-03-30,SANDY,UT,USA,USA,75,203,-,-,-,-,-
611,8478856,Conor Garland,ARI,R,https://assets.nhle.com/mugs/nhl/20182019/ARI/8478856.png,https://assets.nhle.com/logos/nhl/svg/ARI_20142015-20202021_light.svg,conorgarland,27,1996-03-11,Scituate,MA,USA,USA,70,165,2015,ARI,5,2,123
612,8481477,Nico Sturm,MIN,C,https://assets.nhle.com/mugs/nhl/20182019/MIN/8481477.png,https://assets.nhle.com/logos/nhl/svg/MIN_light.svg,nicosturm,28,1995-05-03,Augsburg,,DEU,DEU,75,209,-,-,-,-,-
613,8477353,Tyler Motte,VAN,C,https://assets.nhle.com/mugs/nhl/20182019/VAN/8477353.png,https://assets.nhle.com/logos/nhl/svg/VAN_20072008-20182019_light.svg,tylermotte,28,1995-03-10,St. Clair,MI,USA,USA,70,192,2013,CHI,4,30,121
614,8477046,Joakim Ryan,SJS,D,https://assets.nhle.com/mugs/nhl/20182019/SJS/8477046.png,https://assets.nhle.com/logos/nhl/svg/SJS_light.svg,joakimryan,30,1993-06-17,Rumson,NJ,USA,USA,71,185,2012,S.J,7,17,198
615,8478502,Dennis Gilbert,CHI,D,https://assets.nhle.com/mugs/nhl/20182019/CHI/8478502.png,https://assets.nhle.com/logos/nhl/svg/CHI_light.svg,dennisgilbert,27,1996-10-30,Buffalo,NY,USA,USA,74,216,2015,CHI,3,30,91
616,8480074,Alexandre Texier,CBJ,C,https://assets.nhle.com/mugs/nhl/20182019/CBJ/8480074.png,https://assets.nhle.com/logos/nhl/svg/CBJ_light.svg,alexandretexier,24,1999-09-13,St. Martin D'heres,,FRA,FRA,73,186,2017,CBJ,2,14,45
617,8479371,Dante Fabbro,NSH,D,https://assets.nhle.com/mugs/nhl/20182019/NSH/8479371.png,https://assets.nhle.com/logos/nhl/svg/NSH_light.svg,dantefabbro,25,1998-06-20,Coquitlam,BC,CAN,CAN,72,189,2016,NSH,1,17,17
618,8476474,Stefan Noesen,NJD,R,https://assets.nhle.com/mugs/nhl/20182019/NJD/8476474.png,https://assets.nhle.com/logos/nhl/svg/NJD_light.svg,stefannoesen,30,1993-02-12,Plano,TX,USA,USA,73,205,2011,OTT,1,21,21
619,8476873,Mark Jankowski,CGY,C,https://assets.nhle.com/mugs/nhl/20182019/CGY/8476873.png,https://assets.nhle.com/logos/nhl/svg/CGY_19941995-20192020_light.svg,markjankowski,29,1994-09-13,Hamilton,ON,CAN,CAN,76,212,2012,CGY,1,21,21
620,8477407,Anthony Duclair,OTT,L,https://assets.nhle.com/mugs/nhl/20182019/OTT/8477407.png,https://assets.nhle.com/logos/nhl/svg/OTT_20072008-20192020_light.svg,anthonyduclair,28,1995-08-26,Pointe-Claire,QC,CAN,CAN,71,197,2013,NYR,3,19,80
621,8474520,Jason Garrison,EDM,D,https://assets.nhle.com/mugs/nhl/20182019/EDM/8474520.png,https://assets.nhle.com/logos/nhl/svg/EDM_20172018-20212022_light.svg,jasongarrison,39,1984-11-13,White Rock,BC,CAN,CAN,73,218,-,-,-,-,-
622,8471426,Troy Brouwer,FLA,R,https://assets.nhle.com/mugs/nhl/20182019/FLA/8471426.png,https://assets.nhle.com/logos/nhl/svg/FLA_light.svg,troybrouwer,38,1985-08-17,Vancouver,BC,CAN,CAN,75,213,2004,CHI,7,21,214
623,8473588,Erik Condra,DAL,R,https://assets.nhle.com/mugs/nhl/20182019/DAL/8473588.png,https://assets.nhle.com/logos/nhl/svg/DAL_20122013-20202021_light.svg,erikcondra,37,1986-08-06,Trenton,MI,USA,USA,71,185,2006,OTT,7,28,211
624,8475832,Tom Kuhnhackl,NYI,R,https://assets.nhle.com/mugs/nhl/20182019/NYI/8475832.png,https://assets.nhle.com/logos/nhl/svg/NYI_light.svg,tomkuhnhackl,31,1992-01-21,Landshut,,DEU,DEU,74,196,2010,PIT,4,20,110
625,8479414,Nathan Bastian,NJD,R,https://assets.nhle.com/mugs/nhl/20182019/NJD/8479414.png,https://assets.nhle.com/logos/nhl/svg/NJD_light.svg,nathanbastian,26,1997-12-06,Kitchener,ON,CAN,CAN,76,205,2016,N.J,2,11,41
626,8475413,Justin Dowling,DAL,C,https://assets.nhle.com/mugs/nhl/20182019/DAL/8475413.png,https://assets.nhle.com/logos/nhl/svg/DAL_20122013-20202021_light.svg,justindowling,33,1990-10-01,Calgary,AB,CAN,CAN,70,180,-,-,-,-,-
627,8481442,Brady Keeper,FLA,D,https://assets.nhle.com/mugs/nhl/20182019/FLA/8481442.png,https://assets.nhle.com/logos/nhl/svg/FLA_light.svg,bradykeeper,27,1996-06-05,Cross Lake,MB,CAN,CAN,74,197,-,-,-,-,-
628,8477952,Robby Fabbri,STL,C,https://assets.nhle.com/mugs/nhl/20182019/STL/8477952.png,https://assets.nhle.com/logos/nhl/svg/STL_light.svg,robbyfabbri,27,1996-01-22,Mississauga,ON,CAN,CAN,71,185,2014,STL,1,21,21
629,8476356,Tobias Rieder,EDM,L,https://assets.nhle.com/mugs/nhl/20182019/EDM/8476356.png,https://assets.nhle.com/logos/nhl/svg/EDM_20172018-20212022_light.svg,tobiasrieder,30,1993-01-10,Landshut,,DEU,DEU,71,189,2011,EDM,4,23,114
630,8477846,Ryan Carpenter,VGK,C,https://assets.nhle.com/mugs/nhl/20182019/VGK/8477846.png,https://assets.nhle.com/logos/nhl/svg/VGK_light.svg,ryancarpenter,32,1991-01-18,Oviedo,FL,USA,USA,73,198,-,-,-,-,-
631,8479291,Kevin Rooney,NJD,C,https://assets.nhle.com/mugs/nhl/20182019/NJD/8479291.png,https://assets.nhle.com/logos/nhl/svg/NJD_light.svg,kevinrooney,30,1993-05-21,Canton,MA,USA,USA,74,190,-,-,-,-,-
632,8477417,Peter Cehlarik,BOS,L,https://assets.nhle.com/mugs/nhl/20182019/BOS/8477417.png,https://assets.nhle.com/logos/nhl/svg/BOS_20082009-20222023_light.svg,petercehlarik,28,1995-08-02,Zilina,,SVK,SVK,74,202,2013,BOS,3,29,90
633,8471699,Andrew Cogliano,DAL,C,https://assets.nhle.com/mugs/nhl/20182019/DAL/8471699.png,https://assets.nhle.com/logos/nhl/svg/DAL_20122013-20202021_light.svg,andrewcogliano,36,1987-06-14,Toronto,ON,CAN,CAN,70,179,2005,EDM,1,25,25
634,8477994,Dominic Turgeon,DET,C,https://assets.nhle.com/mugs/nhl/20182019/DET/8477994.png,https://assets.nhle.com/logos/nhl/svg/DET_light.svg,dominicturgeon,27,1996-02-25,Pointe-Claire,QC,CAN,CAN,74,200,2014,DET,3,3,63
635,8477482,Zachary Sanford,STL,L,https://assets.nhle.com/mugs/nhl/20182019/STL/8477482.png,https://assets.nhle.com/logos/nhl/svg/STL_light.svg,zachsanford,29,1994-11-09,Salem,MA,USA,USA,76,206,2013,WSH,2,31,61
636,8476915,Jujhar Khaira,EDM,L,https://assets.nhle.com/mugs/nhl/20182019/EDM/8476915.png,https://assets.nhle.com/logos/nhl/svg/EDM_20172018-20212022_light.svg,jujharkhaira,29,1994-08-13,Surrey,BC,CAN,CAN,76,212,2012,EDM,3,2,63
637,8477240,Carter Rowney,ANA,C,https://assets.nhle.com/mugs/nhl/20182019/ANA/8477240.png,https://assets.nhle.com/logos/nhl/svg/ANA_20132014-20232024_light.svg,carterrowney,34,1989-05-10,Grand Prairie,AB,CAN,CAN,74,208,-,-,-,-,-
638,8478017,Mark Friedman,PHI,D,https://assets.nhle.com/mugs/nhl/20182019/PHI/8478017.png,https://assets.nhle.com/logos/nhl/svg/PHI_19992000-20222023_light.svg,markfriedman,27,1995-12-25,Toronto,ON,CAN,CAN,71,185,2014,PHI,3,26,86
639,8478029,Chase De Leo,ANA,L,https://assets.nhle.com/mugs/nhl/20182019/ANA/8478029.png,https://assets.nhle.com/logos/nhl/svg/ANA_20132014-20232024_light.svg,chasedeleo,28,1995-10-25,La Mirada,CA,USA,USA,69,185,2014,WPG,4,9,99
640,8477938,Haydn Fleury,CAR,D,https://assets.nhle.com/mugs/nhl/20182019/CAR/8477938.png,https://assets.nhle.com/logos/nhl/svg/CAR_light.svg,haydnfleury,27,1996-07-08,Carlyle,SK,CAN,CAN,76,208,2014,CAR,1,7,7
641,8480314,Max Veronneau,OTT,R,https://assets.nhle.com/mugs/nhl/20182019/OTT/8480314.png,https://assets.nhle.com/logos/nhl/svg/OTT_20072008-20192020_light.svg,maxveronneau,28,1995-12-12,Ottawa,ON,CAN,CAN,73,193,-,-,-,-,-
642,8477998,Warren Foegele,CAR,L,https://assets.nhle.com/mugs/nhl/20182019/CAR/8477998.png,https://assets.nhle.com/logos/nhl/svg/CAR_light.svg,warrenfoegele,27,1996-04-01,Markham,ON,CAN,CAN,74,198,2014,CAR,3,7,67
643,8475718,Justin Holl,TOR,D,https://assets.nhle.com/mugs/nhl/20182019/TOR/8475718.png,https://assets.nhle.com/logos/nhl/svg/TOR_light.svg,justinholl,31,1992-01-30,Tonka Bay,MN,USA,USA,75,197,2010,CHI,2,24,54
644,8475715,Oscar Lindberg,OTT,L,https://assets.nhle.com/mugs/nhl/20182019/OTT/8475715.png,https://assets.nhle.com/logos/nhl/svg/OTT_20072008-20192020_light.svg,oscarlindberg,32,1991-10-29,Skellefteå,,SWE,SWE,73,202,2010,PHX,2,27,57
645,8477931,Tomas Nosek,VGK,L,https://assets.nhle.com/mugs/nhl/20182019/VGK/8477931.png,https://assets.nhle.com/logos/nhl/svg/VGK_light.svg,tomasnosek,31,1992-09-01,Pardubice,,CZE,CZE,75,205,-,-,-,-,-
646,8469506,Jason Pominville,BUF,R,https://assets.nhle.com/mugs/nhl/20182019/BUF/8469506.png,https://assets.nhle.com/logos/nhl/svg/BUF_20102011-20192020_light.svg,jasonpominville,41,1982-11-30,Repentigny,QC,CAN,USA,72,180,2001,BUF,2,25,55
647,8477930,Pierre-Edouard Bellemare,VGK,L,https://assets.nhle.com/mugs/nhl/20182019/VGK/8477930.png,https://assets.nhle.com/logos/nhl/svg/VGK_light.svg,pierreedouardbellemare,38,1985-03-06,Le Blanc-Mesnil,,FRA,FRA,71,198,-,-,-,-,-
648,8478430,Oliver Kylington,CGY,D,https://assets.nhle.com/mugs/nhl/20182019/CGY/8478430.png,https://assets.nhle.com/logos/nhl/svg/CGY_19941995-20192020_light.svg,oliverkylington,26,1997-05-19,Stockholm,,SWE,SWE,72,183,2015,CGY,2,30,60
649,8477502,Samuel Morin,PHI,L,https://assets.nhle.com/mugs/nhl/20182019/PHI/8477502.png,https://assets.nhle.com/logos/nhl/svg/PHI_19992000-20222023_light.svg,samuelmorin,28,1995-07-12,Lac-Beauport,QC,CAN,CAN,78,202,2013,PHI,1,11,11
650,8471273,Brandon Dubinsky,CBJ,C,https://assets.nhle.com/mugs/nhl/20182019/CBJ/8471273.png,https://assets.nhle.com/logos/nhl/svg/CBJ_light.svg,brandondubinsky,37,1986-04-29,Anchorage,AK,USA,USA,74,208,2004,NYR,2,30,60
651,8480803,Evan Bouchard,EDM,D,https://assets.nhle.com/mugs/nhl/20182019/EDM/8480803.png,https://assets.nhle.com/logos/nhl/svg/EDM_20172018-20212022_light.svg,evanbouchard,24,1999-10-20,Oakville,ON,CAN,CAN,75,194,2018,EDM,1,10,10
652,8478870,Rudolfs Balcers,OTT,L,https://assets.nhle.com/mugs/nhl/20182019/OTT/8478870.png,https://assets.nhle.com/logos/nhl/svg/OTT_20072008-20192020_light.svg,rudolfsbalcers,26,1997-04-08,Latvia,,LVA,LVA,71,182,2015,S.J,5,21,142
653,8477416,Oliver Bjorkstrand,CBJ,R,https://assets.nhle.com/mugs/nhl/20182019/CBJ/8477416.png,https://assets.nhle.com/logos/nhl/svg/CBJ_light.svg,oliverbjorkstrand,28,1995-04-10,Herning,,DNK,DNK,72,175,2013,CBJ,3,28,89
654,8476372,Nick Seeler,MIN,D,https://assets.nhle.com/mugs/nhl/20182019/MIN/8476372.png,https://assets.nhle.com/logos/nhl/svg/MIN_light.svg,nickseeler,30,1993-06-03,Eden Prairie,MN,USA,USA,74,201,2011,MIN,5,10,131
655,8477460,Laurent Dauphin,ARI,C,https://assets.nhle.com/mugs/nhl/20182019/ARI/8477460.png,https://assets.nhle.com/logos/nhl/svg/ARI_20142015-20202021_light.svg,laurentdauphin,28,1995-03-27,Repentigny,QC,CAN,CAN,72,186,2013,PHX,2,9,39
656,8477529,Colby Cave,EDM,C,https://assets.nhle.com/mugs/nhl/20182019/EDM/8477529.png,https://assets.nhle.com/logos/nhl/svg/EDM_20172018-20212022_light.svg,colbycave,28,1994-12-26,Battleford,SK,CAN,CAN,73,200,-,-,-,-,-
657,8474098,Colton Sceviour,FLA,C,https://assets.nhle.com/mugs/nhl/20182019/FLA/8474098.png,https://assets.nhle.com/logos/nhl/svg/FLA_light.svg,coltonsceviour,34,1989-04-20,Red Deer,AB,CAN,CAN,72,190,2007,DAL,4,21,112
658,8471226,Drew Stafford,NJD,R,https://assets.nhle.com/mugs/nhl/20182019/NJD/8471226.png,https://assets.nhle.com/logos/nhl/svg/NJD_light.svg,drewstafford,38,1985-10-30,Milwaukee,WI,USA,USA,74,215,2004,BUF,1,13,13
659,8480769,Joel L'Esperance,DAL,R,https://assets.nhle.com/mugs/nhl/20182019/DAL/8480769.png,https://assets.nhle.com/logos/nhl/svg/DAL_20122013-20202021_light.svg,joellesperance,28,1995-08-18,Brighton,MI,USA,USA,74,210,-,-,-,-,-
660,8473618,Mathieu Perreault,WPG,C,https://assets.nhle.com/mugs/nhl/20182019/WPG/8473618.png,https://assets.nhle.com/logos/nhl/svg/WPG_light.svg,mathieuperreault,35,1988-01-05,Drummondville,QC,CAN,CAN,70,189,2006,WSH,6,24,177
661,8479415,Michael McLeod,NJD,C,https://assets.nhle.com/mugs/nhl/20182019/NJD/8479415.png,https://assets.nhle.com/logos/nhl/svg/NJD_light.svg,michaelmcleod,25,1998-02-03,Mississauga,ON,CAN,CAN,74,190,2016,N.J,1,12,12
662,8479423,Alex Nylander,BUF,L,https://assets.nhle.com/mugs/nhl/20182019/BUF/8479423.png,https://assets.nhle.com/logos/nhl/svg/BUF_20102011-20192020_light.svg,alexnylander,25,1998-03-02,Calgary,AB,CAN,CAN,73,192,2016,BUF,1,8,8
663,8477429,Andrew Copp,WPG,C,https://assets.nhle.com/mugs/nhl/20182019/WPG/8477429.png,https://assets.nhle.com/logos/nhl/svg/WPG_light.svg,andrewcopp,29,1994-07-08,Ann Arbor,MI,USA,USA,73,199,2013,WPG,4,13,104
664,8480901,Karson Kuhlman,BOS,C,https://assets.nhle.com/mugs/nhl/20182019/BOS/8480901.png,https://assets.nhle.com/logos/nhl/svg/BOS_20082009-20222023_light.svg,karsonkuhlman,28,1995-09-26,Esko,MN,USA,USA,70,184,-,-,-,-,-
665,8479420,Tage Thompson,BUF,C,https://assets.nhle.com/mugs/nhl/20182019/BUF/8479420.png,https://assets.nhle.com/logos/nhl/svg/BUF_20102011-20192020_light.svg,tagethompson,26,1997-10-30,Phoenix,AZ,USA,USA,78,220,2016,STL,1,26,26
666,8476905,Chandler Stephenson,WSH,C,https://assets.nhle.com/mugs/nhl/20182019/WSH/8476905.png,https://assets.nhle.com/logos/nhl/svg/WSH_light.svg,chandlerstephenson,29,1994-04-22,Saskatoon,SK,CAN,CAN,72,209,2012,WSH,3,16,77
667,8477936,Michael Dal Colle,NYI,L,https://assets.nhle.com/mugs/nhl/20182019/NYI/8477936.png,https://assets.nhle.com/logos/nhl/svg/NYI_light.svg,michaeldalcolle,27,1996-06-20,Richmond Hill,ON,CAN,CAN,75,195,2014,NYI,1,5,5
668,8476437,Victor Rask,MIN,C,https://assets.nhle.com/mugs/nhl/20182019/MIN/8476437.png,https://assets.nhle.com/logos/nhl/svg/MIN_light.svg,victorrask,30,1993-03-01,Leksand,,SWE,SWE,74,199,2011,CAR,2,12,42
669,8476799,Cameron Schilling,WPG,D,https://assets.nhle.com/mugs/nhl/20182019/WPG/8476799.png,https://assets.nhle.com/logos/nhl/svg/WPG_light.svg,camschilling,35,1988-10-07,Carmel,IN,USA,USA,74,182,-,-,-,-,-
670,8479992,Michael Rasmussen,DET,C,https://assets.nhle.com/mugs/nhl/20182019/DET/8479992.png,https://assets.nhle.com/logos/nhl/svg/DET_light.svg,michaelrasmussen,24,1999-04-17,Vancouver,BC,CAN,CAN,78,211,2017,DET,1,9,9
671,8476043,Ben Street,ANA,C,https://assets.nhle.com/mugs/nhl/20182019/ANA/8476043.png,https://assets.nhle.com/logos/nhl/svg/ANA_20132014-20232024_light.svg,benstreet,36,1987-02-13,Coquitlam,BC,CAN,CAN,71,190,-,-,-,-,-
672,8479439,Jacob MacDonald,FLA,D,https://assets.nhle.com/mugs/nhl/20182019/FLA/8479439.png,https://assets.nhle.com/logos/nhl/svg/FLA_light.svg,jakemacdonald,30,1993-02-26,Portland,OR,USA,,72,204,-,-,-,-,-
673,8477205,Andrej Sustr,ANA,D,https://assets.nhle.com/mugs/nhl/20182019/ANA/8477205.png,https://assets.nhle.com/logos/nhl/svg/ANA_20132014-20232024_light.svg,andrejsustr,33,1990-11-29,Plzen,,CZE,CZE,79,217,-,-,-,-,-
674,8476975,Cedric Paquette,TBL,C,https://assets.nhle.com/mugs/nhl/20182019/TBL/8476975.png,https://assets.nhle.com/logos/nhl/svg/TBL_light.svg,cedricpaquette,30,1993-08-13,Gaspe,QC,CAN,CAN,72,205,2012,T.B,4,10,101
675,8479404,Henrik Borgstrom,FLA,C,https://assets.nhle.com/mugs/nhl/20182019/FLA/8479404.png,https://assets.nhle.com/logos/nhl/svg/FLA_light.svg,henrikborgstrom,26,1997-08-06,Helsinki,,FIN,FIN,75,199,2016,FLA,1,23,23
676,8475220,Marcus Foligno,MIN,L,https://assets.nhle.com/mugs/nhl/20182019/MIN/8475220.png,https://assets.nhle.com/logos/nhl/svg/MIN_light.svg,marcusfoligno,32,1991-08-10,Buffalo,NY,USA,CAN,75,226,2009,BUF,4,13,104
677,8478466,Daniel Sprong,ANA,R,https://assets.nhle.com/mugs/nhl/20182019/ANA/8478466.png,https://assets.nhle.com/logos/nhl/svg/ANA_20132014-20232024_light.svg,dannysprong,26,1997-03-17,Amsterdam,,NLD,NLD,72,202,2015,PIT,2,16,46
678,8479344,Jesse Puljujarvi,EDM,R,https://assets.nhle.com/mugs/nhl/20182019/EDM/8479344.png,https://assets.nhle.com/logos/nhl/svg/EDM_20172018-20212022_light.svg,jessepuljujarvi,25,1998-05-07,Alvkarleby,,SWE,FIN,76,201,2016,EDM,1,4,4
679,8476982,Danny O'Regan,BUF,C,https://assets.nhle.com/mugs/nhl/20182019/BUF/8476982.png,https://assets.nhle.com/logos/nhl/svg/BUF_20102011-20192020_light.svg,dannyoregan,29,1994-01-30,Berlin,,DEU,USA,70,180,2012,S.J,5,17,138
680,8475868,Anthony Bitetto,MIN,D,https://assets.nhle.com/mugs/nhl/20182019/MIN/8475868.png,https://assets.nhle.com/logos/nhl/svg/MIN_light.svg,anthonybitetto,33,1990-07-15,Island Park,NY,USA,USA,73,222,2010,NSH,6,18,168
681,8477501,Valeri Nichushkin,DAL,R,https://assets.nhle.com/mugs/nhl/20182019/DAL/8477501.png,https://assets.nhle.com/logos/nhl/svg/DAL_20122013-20202021_light.svg,valerinichushkin,28,1995-03-04,Chelyabinsk,,RUS,RUS,76,210,2013,DAL,1,10,10
682,8474134,Yannick Weber,NSH,D,https://assets.nhle.com/mugs/nhl/20182019/NSH/8474134.png,https://assets.nhle.com/logos/nhl/svg/NSH_light.svg,yannickweber,35,1988-09-23,Morges,,CHE,CHE,71,200,2007,MTL,3,12,73
683,8480762,Eric Robinson,CBJ,L,https://assets.nhle.com/mugs/nhl/20182019/CBJ/8480762.png,https://assets.nhle.com/logos/nhl/svg/CBJ_light.svg,ericrobinson,28,1995-06-14,BELLMAWR,NJ,USA,USA,74,205,-,-,-,-,-
684,8477009,Jake Dotchin,ANA,D,https://assets.nhle.com/mugs/nhl/20182019/ANA/8477009.png,https://assets.nhle.com/logos/nhl/svg/ANA_20132014-20232024_light.svg,jakedotchin,29,1994-03-24,Cambridge,ON,CAN,CAN,75,210,2012,T.B,6,10,161
685,8478075,Anders Bjork,BOS,L,https://assets.nhle.com/mugs/nhl/20182019/BOS/8478075.png,https://assets.nhle.com/logos/nhl/svg/BOS_20082009-20222023_light.svg,andersbjork,27,1996-08-05,Mequon,WI,USA,USA,72,190,2014,BOS,5,26,146
686,8478417,Jakob Forsbacka Karlsson,BOS,C,https://assets.nhle.com/mugs/nhl/20182019/BOS/8478417.png,https://assets.nhle.com/logos/nhl/svg/BOS_20082009-20222023_light.svg,jakobforsbackakarlsson,27,1996-10-31,Stockholm,,SWE,SWE,73,184,2015,BOS,2,15,45
687,8474668,Dale Weise,MTL,R,https://assets.nhle.com/mugs/nhl/20182019/MTL/8474668.png,https://assets.nhle.com/logos/nhl/svg/MTL_light.svg,daleweise,35,1988-08-05,Winnipeg,MB,CAN,CAN,74,196,2008,NYR,4,20,111
688,8476617,Tomas Hyka,VGK,R,https://assets.nhle.com/mugs/nhl/20182019/VGK/8476617.png,https://assets.nhle.com/logos/nhl/svg/VGK_light.svg,tomashyka,30,1993-03-23,Mlada Boleslav,,CZE,CZE,71,160,2012,L.A,6,20,171
689,8476177,Matt Read,MIN,R,https://assets.nhle.com/mugs/nhl/20182019/MIN/8476177.png,https://assets.nhle.com/logos/nhl/svg/MIN_light.svg,mattread,37,1986-06-14,Ilderton,ON,CAN,CAN,70,188,-,-,-,-,-
690,8471768,Tom Pyatt,OTT,L,https://assets.nhle.com/mugs/nhl/20182019/OTT/8471768.png,https://assets.nhle.com/logos/nhl/svg/OTT_20072008-20192020_light.svg,tompyatt,36,1987-02-14,Thunder Bay,ON,CAN,CAN,71,185,2005,NYR,4,16,107
691,8470803,Kyle Brodziak,EDM,C,https://assets.nhle.com/mugs/nhl/20182019/EDM/8470803.png,https://assets.nhle.com/logos/nhl/svg/EDM_20172018-20212022_light.svg,kylebrodziak,39,1984-05-25,St. Paul,AB,CAN,CAN,74,205,2003,EDM,7,17,214
692,8474683,Derek Grant,ANA,C,https://assets.nhle.com/mugs/nhl/20182019/ANA/8474683.png,https://assets.nhle.com/logos/nhl/svg/ANA_20132014-20232024_light.svg,derekgrant,33,1990-04-20,Abbotsford,BC,CAN,CAN,75,210,2008,OTT,4,28,119
693,8476948,Charles Hudon,MTL,L,https://assets.nhle.com/mugs/nhl/20182019/MTL/8476948.png,https://assets.nhle.com/logos/nhl/svg/MTL_light.svg,charleshudon,29,1994-06-23,Alma,QC,CAN,CAN,70,190,2012,MTL,5,1,122
694,8480029,Alex Formenton,OTT,L,https://assets.nhle.com/mugs/nhl/20182019/OTT/8480029.png,https://assets.nhle.com/logos/nhl/svg/OTT_20072008-20192020_light.svg,alexformenton,24,1999-09-13,Barrie,ON,CAN,CAN,75,195,2017,OTT,2,16,47
695,8479994,Jaret Anderson-Dolan,LAK,C,https://assets.nhle.com/mugs/nhl/20182019/LAK/8479994.png,https://assets.nhle.com/logos/nhl/svg/LAK_20112012-20182019_light.svg,jaretandersondolan,24,1999-09-12,Calgary,AB,CAN,CAN,71,200,2017,L.A,2,10,41
696,8477943,Brendan Perlini,CHI,L,https://assets.nhle.com/mugs/nhl/20182019/CHI/8477943.png,https://assets.nhle.com/logos/nhl/svg/CHI_light.svg,brendanperlini,27,1996-04-27,Guildford,,GBR,GBR,75,211,2014,ARI,1,12,12
697,8478485,Zach Senyshyn,BOS,R,https://assets.nhle.com/mugs/nhl/20182019/BOS/8478485.png,https://assets.nhle.com/logos/nhl/svg/BOS_20082009-20222023_light.svg,zachsenyshyn,26,1997-03-30,Ottawa,ON,CAN,CAN,73,205,2015,BOS,1,15,15
698,8477964,Ivan Barbashev,STL,C,https://assets.nhle.com/mugs/nhl/20182019/STL/8477964.png,https://assets.nhle.com/logos/nhl/svg/STL_light.svg,ivanbarbashev,28,1995-12-14,Moscow,,RUS,RUS,73,195,2014,STL,2,3,33
699,8464989,Matt Cullen,PIT,C,https://assets.nhle.com/mugs/nhl/20182019/PIT/8464989.png,https://assets.nhle.com/logos/nhl/svg/PIT_light.svg,mattcullen,47,1976-11-02,Virginia,MN,USA,USA,73,202,1996,ANA,2,9,35
700,8477922,Melker Karlsson,SJS,C,https://assets.nhle.com/mugs/nhl/20182019/SJS/8477922.png,https://assets.nhle.com/logos/nhl/svg/SJS_light.svg,melkerkarlsson,33,1990-07-18,Lycksele,,SWE,SWE,72,180,-,-,-,-,-
701,8476877,Jordan Schmaltz,STL,D,https://assets.nhle.com/mugs/nhl/20182019/STL/8476877.png,https://assets.nhle.com/logos/nhl/svg/STL_light.svg,jordanschmaltz,30,1993-10-08,Madison,WI,USA,USA,74,196,2012,STL,1,25,25
702,8476953,Trevor Carrick,CAR,D,https://assets.nhle.com/mugs/nhl/20182019/CAR/8476953.png,https://assets.nhle.com/logos/nhl/svg/CAR_light.svg,trevorcarrick,29,1994-07-04,Stouffville,ON,CAN,CAN,74,171,2012,CAR,4,24,115
703,8476293,Scott Wilson,BUF,C,https://assets.nhle.com/mugs/nhl/20182019/BUF/8476293.png,https://assets.nhle.com/logos/nhl/svg/BUF_20102011-20192020_light.svg,scottwilson,31,1992-04-24,Oakville,ON,CAN,CAN,71,177,2011,PIT,7,28,209
704,8477455,Jacob de la Rose,DET,L,https://assets.nhle.com/mugs/nhl/20182019/DET/8477455.png,https://assets.nhle.com/logos/nhl/svg/DET_light.svg,jakedelarose,28,1995-05-20,Arvika,,SWE,SWE,75,215,2013,MTL,2,4,34
705,8474709,Matt Martin,NYI,L,https://assets.nhle.com/mugs/nhl/20182019/NYI/8474709.png,https://assets.nhle.com/logos/nhl/svg/NYI_light.svg,mattmartin,34,1989-05-08,Windsor,ON,CAN,CAN,75,220,2008,NYI,5,27,148
706,8475727,Ryan Spooner,VAN,C,https://assets.nhle.com/mugs/nhl/20182019/VAN/8475727.png,https://assets.nhle.com/logos/nhl/svg/VAN_20072008-20182019_light.svg,ryanspooner,31,1992-01-30,Ottawa,ON,CAN,CAN,70,191,2010,BOS,2,15,45
707,8477290,Michael Raffl,PHI,L,https://assets.nhle.com/mugs/nhl/20182019/PHI/8477290.png,https://assets.nhle.com/logos/nhl/svg/PHI_19992000-20222023_light.svg,michaelraffl,35,1988-12-01,Villach,,AUT,AUT,73,205,-,-,-,-,-
708,8480748,Kiefer Sherwood,ANA,L,https://assets.nhle.com/mugs/nhl/20182019/ANA/8480748.png,https://assets.nhle.com/logos/nhl/svg/ANA_20132014-20232024_light.svg,kiefersherwood,28,1995-03-31,Columbus,OH,USA,USA,72,194,-,-,-,-,-
709,8479388,Riley Stillman,FLA,D,https://assets.nhle.com/mugs/nhl/20182019/FLA/8479388.png,https://assets.nhle.com/logos/nhl/svg/FLA_light.svg,rileystillman,25,1998-03-09,Peterborough,ON,CAN,CAN,73,196,2016,FLA,4,23,114
710,8480068,Ryan Poehling,MTL,C,https://assets.nhle.com/mugs/nhl/20182019/MTL/8480068.png,https://assets.nhle.com/logos/nhl/svg/MTL_light.svg,ryanpoehling,24,1999-01-03,Lakeville,MN,USA,USA,74,196,2017,MTL,1,25,25
711,8478472,Mathieu Joseph,TBL,R,https://assets.nhle.com/mugs/nhl/20182019/TBL/8478472.png,https://assets.nhle.com/logos/nhl/svg/TBL_light.svg,mathieujoseph,26,1997-02-09,Laval,QC,CAN,CAN,73,187,2015,T.B,4,29,120
712,8480944,Par Lindholm,WPG,C,https://assets.nhle.com/mugs/nhl/20182019/WPG/8480944.png,https://assets.nhle.com/logos/nhl/svg/WPG_light.svg,parlindholm,32,1991-10-05,Kusmark,,SWE,SWE,72,183,-,-,-,-,-
713,8476427,Ty Rattie,EDM,R,https://assets.nhle.com/mugs/nhl/20182019/EDM/8476427.png,https://assets.nhle.com/logos/nhl/svg/EDM_20172018-20212022_light.svg,tyrattie,30,1993-02-05,Calgary,AB,CAN,CAN,71,183,2011,STL,2,2,32
714,8477541,Dakota Mermis,ARI,D,https://assets.nhle.com/mugs/nhl/20182019/ARI/8477541.png,https://assets.nhle.com/logos/nhl/svg/ARI_20142015-20202021_light.svg,dakotamermis,29,1994-01-05,Alton,IL,USA,USA,72,195,-,-,-,-,-
715,8478512,Austin Czarnik,CGY,C,https://assets.nhle.com/mugs/nhl/20182019/CGY/8478512.png,https://assets.nhle.com/logos/nhl/svg/CGY_19941995-20192020_light.svg,austinczarnik,31,1992-12-12,Detroit,MI,USA,USA,69,170,-,-,-,-,-
716,8480965,Antti Suomela,SJS,C,https://assets.nhle.com/mugs/nhl/20182019/SJS/8480965.png,https://assets.nhle.com/logos/nhl/svg/SJS_light.svg,anttisuomela,29,1994-03-17,Espoo,,FIN,FIN,72,180,-,-,-,-,-
717,8477961,John Quenneville,NJD,C,https://assets.nhle.com/mugs/nhl/20182019/NJD/8477961.png,https://assets.nhle.com/logos/nhl/svg/NJD_light.svg,johnquenneville,27,1996-04-16,Edmonton,AB,CAN,CAN,73,195,2014,N.J,1,30,30
718,8475625,Matt Irwin,NSH,D,https://assets.nhle.com/mugs/nhl/20182019/NSH/8475625.png,https://assets.nhle.com/logos/nhl/svg/NSH_light.svg,mattirwin,36,1987-11-29,Victoria,BC,CAN,CAN,74,200,-,-,-,-,-
719,8478106,Dylan Sikura,CHI,R,https://assets.nhle.com/mugs/nhl/20182019/CHI/8478106.png,https://assets.nhle.com/logos/nhl/svg/CHI_light.svg,dylansikura,28,1995-06-01,Aurora,ON,CAN,CAN,71,170,2014,CHI,6,28,178
720,8475808,Michael Chaput,MTL,C,https://assets.nhle.com/mugs/nhl/20182019/MTL/8475808.png,https://assets.nhle.com/logos/nhl/svg/MTL_light.svg,michaelchaput,31,1992-04-09,Ile Bizard,QC,CAN,CAN,74,199,2010,PHI,3,29,89
721,8481481,Blake Lizotte,LAK,C,https://assets.nhle.com/mugs/nhl/20182019/LAK/8481481.png,https://assets.nhle.com/logos/nhl/svg/LAK_20112012-20182019_light.svg,blakelizotte,26,1997-12-13,Lindstrom,MN,USA,USA,69,170,-,-,-,-,-
722,8474131,Mario Kempe,ARI,R,https://assets.nhle.com/mugs/nhl/20182019/ARI/8474131.png,https://assets.nhle.com/logos/nhl/svg/ARI_20142015-20202021_light.svg,mariokempe,35,1988-09-19,Kramfors,,SWE,SWE,72,185,2007,PHI,5,1,122
723,8476465,Ryan Murphy,NJD,D,https://assets.nhle.com/mugs/nhl/20182019/NJD/8476465.png,https://assets.nhle.com/logos/nhl/svg/NJD_light.svg,ryanmurphy,30,1993-03-31,Aurora,ON,CAN,CAN,71,175,2011,CAR,1,12,12
724,8471339,Ryan Callahan,TBL,R,https://assets.nhle.com/mugs/nhl/20182019/TBL/8471339.png,https://assets.nhle.com/logos/nhl/svg/TBL_light.svg,ryancallahan,38,1985-03-21,Rochester,NY,USA,USA,70,187,2004,NYR,4,29,127
725,8477444,Andre Burakovsky,WSH,L,https://assets.nhle.com/mugs/nhl/20182019/WSH/8477444.png,https://assets.nhle.com/logos/nhl/svg/WSH_light.svg,andreburakovsky,28,1995-02-09,Klagenfurt,,AUT,SWE,75,209,2013,WSH,1,23,23
726,8479644,Matt Luff,LAK,R,https://assets.nhle.com/mugs/nhl/20182019/LAK/8479644.png,https://assets.nhle.com/logos/nhl/svg/LAK_20112012-20182019_light.svg,mattluff,26,1997-05-05,Oakville,ON,CAN,CAN,74,196,-,-,-,-,-
727,8477435,Ryan Graves,COL,D,https://assets.nhle.com/mugs/nhl/20182019/COL/8477435.png,https://assets.nhle.com/logos/nhl/svg/COL_light.svg,ryangraves,28,1995-05-21,Yarmouth,NS,CAN,CAN,77,220,2013,NYR,4,19,110
728,8477413,Sven Andrighetto,COL,R,https://assets.nhle.com/mugs/nhl/20182019/COL/8477413.png,https://assets.nhle.com/logos/nhl/svg/COL_light.svg,svenandrighetto,30,1993-03-21,Zurich,,CHE,CHE,70,188,2013,MTL,3,25,86
729,8478211,Dryden Hunt,FLA,L,https://assets.nhle.com/mugs/nhl/20182019/FLA/8478211.png,https://assets.nhle.com/logos/nhl/svg/FLA_light.svg,drydenhunt,28,1995-11-24,Cranbrook,BC,CAN,CAN,72,193,-,-,-,-,-
730,8476927,Teddy Blueger,PIT,C,https://assets.nhle.com/mugs/nhl/20182019/PIT/8476927.png,https://assets.nhle.com/logos/nhl/svg/PIT_light.svg,teddyblueger,29,1994-08-15,Riga,,LVA,LVA,72,185,2012,PIT,2,22,52
731,8470611,Eric Fehr,MIN,C,https://assets.nhle.com/mugs/nhl/20182019/MIN/8470611.png,https://assets.nhle.com/logos/nhl/svg/MIN_light.svg,ericfehr,38,1985-09-07,Winkler,MB,CAN,CAN,76,209,2003,WSH,1,18,18
732,8476624,Barclay Goodrow,SJS,C,https://assets.nhle.com/mugs/nhl/20182019/SJS/8476624.png,https://assets.nhle.com/logos/nhl/svg/SJS_light.svg,barclaygoodrow,30,1993-02-26,Toronto,ON,CAN,CAN,74,204,-,-,-,-,-
733,8478465,Guillaume Brisebois,VAN,D,https://assets.nhle.com/mugs/nhl/20182019/VAN/8478465.png,https://assets.nhle.com/logos/nhl/svg/VAN_20072008-20182019_light.svg,guillaumebrisebois,26,1997-07-21,Longueuil,QC,CAN,CAN,74,175,2015,VAN,3,5,66
734,8478831,Kevin Stenlund,CBJ,C,https://assets.nhle.com/mugs/nhl/20182019/CBJ/8478831.png,https://assets.nhle.com/logos/nhl/svg/CBJ_light.svg,kevinstenlund,27,1996-09-20,Huddinge,,SWE,SWE,77,215,2015,CBJ,2,28,58
735,8478874,Adam Gaudette,VAN,R,https://assets.nhle.com/mugs/nhl/20182019/VAN/8478874.png,https://assets.nhle.com/logos/nhl/svg/VAN_20072008-20182019_light.svg,adamgaudette,27,1996-10-03,Braintree,MA,USA,USA,73,194,2015,VAN,5,28,149
736,8481426,Ryan Kuffner,DET,L,https://assets.nhle.com/mugs/nhl/20182019/DET/8481426.png,https://assets.nhle.com/logos/nhl/svg/DET_light.svg,ryankuffner,27,1996-06-12,OTTAWA,ON,CAN,CAN,72,186,-,-,-,-,-
737,8478415,Jakub Zboril,BOS,D,https://assets.nhle.com/mugs/nhl/20182019/BOS/8478415.png,https://assets.nhle.com/logos/nhl/svg/BOS_20082009-20222023_light.svg,jakubzboril,26,1997-02-21,Brno,,CZE,CZE,73,201,2015,BOS,1,13,13
738,8477996,Juho Lammikko,FLA,L,https://assets.nhle.com/mugs/nhl/20182019/FLA/8477996.png,https://assets.nhle.com/logos/nhl/svg/FLA_light.svg,juholammikko,27,1996-01-29,Noormarkku,,FIN,FIN,74,191,2014,FLA,3,5,65
739,8479511,Janne Kuokkanen,CAR,C,https://assets.nhle.com/mugs/nhl/20182019/CAR/8479511.png,https://assets.nhle.com/logos/nhl/svg/CAR_light.svg,jannekuokkanen,25,1998-05-25,Oulunsalo,,FIN,FIN,73,193,2016,CAR,2,13,43
740,8476207,Brian Gibbons,OTT,C,https://assets.nhle.com/mugs/nhl/20182019/OTT/8476207.png,https://assets.nhle.com/logos/nhl/svg/OTT_20072008-20192020_light.svg,briangibbons,35,1988-02-26,Braintree,MA,USA,USA,68,175,-,-,-,-,-
741,8469521,Tomas Plekanec,MTL,C,https://assets.nhle.com/mugs/nhl/20182019/MTL/8469521.png,https://assets.nhle.com/logos/nhl/svg/MTL_light.svg,tomasplekanec,41,1982-10-31,Kladno,,CZE,CZE,71,190,2001,MTL,3,8,71
742,8471817,Ryan Reaves,VGK,R,https://assets.nhle.com/mugs/nhl/20182019/VGK/8471817.png,https://assets.nhle.com/logos/nhl/svg/VGK_light.svg,ryanreaves,36,1987-01-20,Winnipeg,MB,CAN,CAN,74,225,2005,STL,5,31,156
743,8478495,Denis Gurianov,DAL,R,https://assets.nhle.com/mugs/nhl/20182019/DAL/8478495.png,https://assets.nhle.com/logos/nhl/svg/DAL_20122013-20202021_light.svg,denisgurianov,26,1997-06-07,Togliatti,,RUS,RUS,75,205,2015,DAL,1,12,12
744,8475758,Devante Smith-Pelly,WSH,R,https://assets.nhle.com/mugs/nhl/20182019/WSH/8475758.png,https://assets.nhle.com/logos/nhl/svg/WSH_light.svg,devantesmithpelly,31,1992-06-14,Scarborough,ON,CAN,CAN,72,223,2010,ANA,2,12,42
745,8474062,Riley Nash,CBJ,C,https://assets.nhle.com/mugs/nhl/20182019/CBJ/8474062.png,https://assets.nhle.com/logos/nhl/svg/CBJ_light.svg,rileynash,34,1989-05-09,Consort,AB,CAN,CAN,74,188,2007,EDM,1,21,21
746,8474597,Cody Goloubef,OTT,D,https://assets.nhle.com/mugs/nhl/20182019/OTT/8474597.png,https://assets.nhle.com/logos/nhl/svg/OTT_20072008-20192020_light.svg,codygoloubef,34,1989-11-30,Mississauga,ON,CAN,CAN,73,190,2008,CBJ,2,7,37
747,8479206,Tanner Fritz,NYI,C,https://assets.nhle.com/mugs/nhl/20182019/NYI/8479206.png,https://assets.nhle.com/logos/nhl/svg/NYI_light.svg,tannerfritz,32,1991-08-20,Grande Prairie,AB,CAN,CAN,71,192,-,-,-,-,-
748,8477366,Luke Johnson,CHI,C,https://assets.nhle.com/mugs/nhl/20182019/CHI/8477366.png,https://assets.nhle.com/logos/nhl/svg/CHI_light.svg,lukejohnson,29,1994-09-19,Grand Forks,ND,USA,USA,71,174,2013,CHI,5,13,134
749,8476807,Matt Tennyson,BUF,D,https://assets.nhle.com/mugs/nhl/20182019/BUF/8476807.png,https://assets.nhle.com/logos/nhl/svg/BUF_20102011-20192020_light.svg,matttennyson,33,1990-04-23,Minneapolis,MN,USA,USA,74,205,-,-,-,-,-
750,8480072,Lias Andersson,NYR,C,https://assets.nhle.com/mugs/nhl/20182019/NYR/8480072.png,https://assets.nhle.com/logos/nhl/svg/NYR_light.svg,liasandersson,25,1998-10-13,Smogen,,SWE,SWE,73,185,2017,NYR,1,7,7
751,8474749,Matt Bartkowski,MIN,D,https://assets.nhle.com/mugs/nhl/20182019/MIN/8474749.png,https://assets.nhle.com/logos/nhl/svg/MIN_light.svg,mattbartkowski,35,1988-06-04,Pittsburgh,PA,USA,USA,73,201,2008,FLA,7,9,190
752,8480780,Lukas Radil,SJS,C,https://assets.nhle.com/mugs/nhl/20182019/SJS/8480780.png,https://assets.nhle.com/logos/nhl/svg/SJS_light.svg,lukasradil,33,1990-08-05,Caslav,,CZE,CZE,74,205,-,-,-,-,-
753,8473465,Jamie McGinn,FLA,L,https://assets.nhle.com/mugs/nhl/20182019/FLA/8473465.png,https://assets.nhle.com/logos/nhl/svg/FLA_light.svg,jamiemcginn,35,1988-08-05,Fergus,ON,CAN,CAN,73,205,2006,S.J,2,6,36
754,8475982,Erik Burgdoerfer,OTT,D,https://assets.nhle.com/mugs/nhl/20182019/OTT/8475982.png,https://assets.nhle.com/logos/nhl/svg/OTT_20072008-20192020_light.svg,erikburgdoerfer,35,1988-12-11,Abington,PA,USA,USA,73,207,-,-,-,-,-
755,8477213,Tim Schaller,VAN,L,https://assets.nhle.com/mugs/nhl/20182019/VAN/8477213.png,https://assets.nhle.com/logos/nhl/svg/VAN_20072008-20182019_light.svg,timschaller,33,1990-11-16,Merrimack,NH,USA,USA,74,204,-,-,-,-,-
756,8475735,Greg McKegg,CAR,C,https://assets.nhle.com/mugs/nhl/20182019/CAR/8475735.png,https://assets.nhle.com/logos/nhl/svg/CAR_light.svg,gregmckegg,31,1992-06-17,St. Thomas,ON,CAN,CAN,72,195,2010,TOR,3,2,62
757,8480083,C.J. Smith,BUF,L,https://assets.nhle.com/mugs/nhl/20182019/BUF/8480083.png,https://assets.nhle.com/logos/nhl/svg/BUF_20102011-20192020_light.svg,cjsmith,29,1994-12-01,Des Moines,IA,USA,USA,71,191,-,-,-,-,-
758,8476431,Adam Clendening,CBJ,D,https://assets.nhle.com/mugs/nhl/20182019/CBJ/8476431.png,https://assets.nhle.com/logos/nhl/svg/CBJ_light.svg,adamclendening,31,1992-10-26,Niagara Falls,NY,USA,USA,72,194,2011,CHI,2,6,36
759,8474008,Paul Carey,BOS,C,https://assets.nhle.com/mugs/nhl/20182019/BOS/8474008.png,https://assets.nhle.com/logos/nhl/svg/BOS_20082009-20222023_light.svg,paulcarey,35,1988-09-24,Boston,MA,USA,USA,73,200,2007,COL,5,14,135
760,8478036,Christoffer Ehn,DET,C,https://assets.nhle.com/mugs/nhl/20182019/DET/8478036.png,https://assets.nhle.com/logos/nhl/svg/DET_light.svg,christofferehn,27,1996-04-05,Skara,,SWE,SWE,75,195,2014,DET,4,16,106
761,8479657,Alexandre Fortin,CHI,L,https://assets.nhle.com/mugs/nhl/20182019/CHI/8479657.png,https://assets.nhle.com/logos/nhl/svg/CHI_light.svg,alexandrefortin,26,1997-02-25,Blainville,QC,CAN,CAN,72,184,-,-,-,-,-
762,8477454,Adam Erne,TBL,L,https://assets.nhle.com/mugs/nhl/20182019/TBL/8477454.png,https://assets.nhle.com/logos/nhl/svg/TBL_light.svg,adamerne,28,1995-04-20,New Haven,CT,USA,USA,73,212,2013,T.B,2,3,33
763,8478233,Andrew Mangiapane,CGY,L,https://assets.nhle.com/mugs/nhl/20182019/CGY/8478233.png,https://assets.nhle.com/logos/nhl/svg/CGY_19941995-20192020_light.svg,andrewmangiapane,27,1996-04-04,Toronto,ON,CAN,CAN,70,184,2015,CGY,6,15,166
764,8477903,Garnet Hathaway,CGY,R,https://assets.nhle.com/mugs/nhl/20182019/CGY/8477903.png,https://assets.nhle.com/logos/nhl/svg/CGY_19941995-20192020_light.svg,garnethathaway,32,1991-11-23,Kennebunkport,ME,USA,USA,75,208,-,-,-,-,-
765,8476285,Matthew Peca,MTL,C,https://assets.nhle.com/mugs/nhl/20182019/MTL/8476285.png,https://assets.nhle.com/logos/nhl/svg/MTL_light.svg,mattpeca,30,1993-04-27,Petawawa,ON,CAN,CAN,70,181,2011,T.B,7,20,201
766,8479366,Logan Brown,OTT,C,https://assets.nhle.com/mugs/nhl/20182019/OTT/8479366.png,https://assets.nhle.com/logos/nhl/svg/OTT_20072008-20192020_light.svg,loganbrown,25,1998-03-05,Raleigh,NC,USA,USA,78,218,2016,OTT,1,11,11
767,8475160,Kyle Clifford,LAK,L,https://assets.nhle.com/mugs/nhl/20182019/LAK/8475160.png,https://assets.nhle.com/logos/nhl/svg/LAK_20112012-20182019_light.svg,kyleclifford,32,1991-01-13,Ayr,ON,CAN,CAN,74,217,2009,L.A,2,5,35
768,8476447,Miikka Salomaki,NSH,R,https://assets.nhle.com/mugs/nhl/20182019/NSH/8476447.png,https://assets.nhle.com/logos/nhl/svg/NSH_light.svg,miikkasalomaki,30,1993-03-09,Raahe,,FIN,FIN,71,203,2011,NSH,2,22,52
769,8471490,Adam Cracknell,ANA,R,https://assets.nhle.com/mugs/nhl/20182019/ANA/8471490.png,https://assets.nhle.com/logos/nhl/svg/ANA_20132014-20232024_light.svg,adamcracknell,38,1985-07-15,Prince Albert,SK,CAN,CAN,74,209,2004,CGY,9,21,279
770,8475323,Marcus Kruger,CHI,C,https://assets.nhle.com/mugs/nhl/20182019/CHI/8475323.png,https://assets.nhle.com/logos/nhl/svg/CHI_light.svg,marcuskruger,33,1990-05-27,Stockholm,,SWE,SWE,72,186,2009,CHI,5,28,149
771,8476477,Matt Puempel,DET,L,https://assets.nhle.com/mugs/nhl/20182019/DET/8476477.png,https://assets.nhle.com/logos/nhl/svg/DET_light.svg,mattpuempel,30,1993-01-24,Windsor,ON,CAN,CAN,73,205,2011,OTT,1,24,24
772,8477461,Remi Elie,BUF,L,https://assets.nhle.com/mugs/nhl/20182019/BUF/8477461.png,https://assets.nhle.com/logos/nhl/svg/BUF_20102011-20192020_light.svg,remielie,28,1995-04-16,Cornwall,ON,CAN,CAN,73,215,2013,DAL,2,10,40
773,8478881,Brett Seney,NJD,L,https://assets.nhle.com/mugs/nhl/20182019/NJD/8478881.png,https://assets.nhle.com/logos/nhl/svg/NJD_light.svg,brettseney,27,1996-02-28,London,ON,CAN,CAN,69,156,2015,N.J,6,6,157
774,8479290,Kalle Kossila,ANA,C,https://assets.nhle.com/mugs/nhl/20182019/ANA/8479290.png,https://assets.nhle.com/logos/nhl/svg/ANA_20132014-20232024_light.svg,kallekossila,30,1993-04-14,Kauniainen,,FIN,FIN,70,182,-,-,-,-,-
775,8475343,Nic Dowd,WSH,C,https://assets.nhle.com/mugs/nhl/20182019/WSH/8475343.png,https://assets.nhle.com/logos/nhl/svg/WSH_light.svg,nicdowd,33,1990-05-27,Huntsville,AL,USA,USA,73,193,2009,L.A,7,17,198
776,8477520,Jean-Sebastien Dea,PIT,C,https://assets.nhle.com/mugs/nhl/20182019/PIT/8477520.png,https://assets.nhle.com/logos/nhl/svg/PIT_light.svg,jeansebastiendea,29,1994-02-08,Laval,QC,CAN,CAN,71,174,-,-,-,-,-
777,8475613,Nate Prosser,MIN,D,https://assets.nhle.com/mugs/nhl/20182019/MIN/8475613.png,https://assets.nhle.com/logos/nhl/svg/MIN_light.svg,nathanprosser,37,1986-05-07,Elk River,MN,USA,USA,74,201,-,-,-,-,-
778,8475842,Sam Carrick,ANA,C,https://assets.nhle.com/mugs/nhl/20182019/ANA/8475842.png,https://assets.nhle.com/logos/nhl/svg/ANA_20132014-20232024_light.svg,samcarrick,31,1992-02-04,Markham,ON,CAN,CAN,72,200,2010,TOR,5,24,144
779,8478020,Michael Amadio,LAK,R,https://assets.nhle.com/mugs/nhl/20182019/LAK/8478020.png,https://assets.nhle.com/logos/nhl/svg/LAK_20112012-20182019_light.svg,michaelamadio,27,1996-05-13,Sault Ste. Marie,ON,CAN,CAN,73,204,2014,L.A,3,30,90
780,8477471,Dillon Heatherington,DAL,D,https://assets.nhle.com/mugs/nhl/20182019/DAL/8477471.png,https://assets.nhle.com/logos/nhl/svg/DAL_20122013-20202021_light.svg,dillonheatherington,28,1995-05-09,Calgary,AB,CAN,CAN,76,215,2013,CBJ,2,20,50
781,8478365,Danick Martel,TBL,L,https://assets.nhle.com/mugs/nhl/20182019/TBL/8478365.png,https://assets.nhle.com/logos/nhl/svg/TBL_light.svg,danickmartel,29,1994-12-12,Drummondville,QC,CAN,CAN,68,184,-,-,-,-,-
782,8477957,Nikita Scherbak,LAK,R,https://assets.nhle.com/mugs/nhl/20182019/LAK/8477957.png,https://assets.nhle.com/logos/nhl/svg/LAK_20112012-20182019_light.svg,nikitascherbak,27,1995-12-30,Moscow,,RUS,RUS,74,192,2014,MTL,1,26,26
783,8479968,Vinni Lettieri,NYR,C,https://assets.nhle.com/mugs/nhl/20182019/NYR/8479968.png,https://assets.nhle.com/logos/nhl/svg/NYR_light.svg,vinnilettieri,28,1995-02-06,Excelsior,MN,USA,USA,70,184,-,-,-,-,-
784,8476858,Phillip Di Giuseppe,NSH,L,https://assets.nhle.com/mugs/nhl/20182019/NSH/8476858.png,https://assets.nhle.com/logos/nhl/svg/NSH_light.svg,phillipdigiuseppe,30,1993-10-09,Toronto,ON,CAN,CAN,72,193,2012,CAR,2,8,38
785,8478031,Nelson Nogier,WPG,D,https://assets.nhle.com/mugs/nhl/20182019/WPG/8478031.png,https://assets.nhle.com/logos/nhl/svg/WPG_light.svg,nelsonnogier,27,1996-05-27,Saskatoon,SK,CAN,CAN,74,191,2014,WPG,4,11,101
786,8476436,Dmitrij Jaskin,WSH,R,https://assets.nhle.com/mugs/nhl/20182019/WSH/8476436.png,https://assets.nhle.com/logos/nhl/svg/WSH_light.svg,dmitrijjaskin,30,1993-03-23,Omsk,,RUS,CZE,74,216,2011,STL,2,11,41
787,8479346,Dillon Dube,CGY,C,https://assets.nhle.com/mugs/nhl/20182019/CGY/8479346.png,https://assets.nhle.com/logos/nhl/svg/CGY_19941995-20192020_light.svg,dillondube,25,1998-07-20,Golden,AB,CAN,CAN,71,185,2016,CGY,2,26,56
788,8475235,Nicolas Deslauriers,MTL,L,https://assets.nhle.com/mugs/nhl/20182019/MTL/8475235.png,https://assets.nhle.com/logos/nhl/svg/MTL_light.svg,nicolasdeslauriers,32,1991-02-22,LaSalle,QC,CAN,CAN,73,220,2009,L.A,3,23,84
789,8480039,Martin Necas,CAR,C,https://assets.nhle.com/mugs/nhl/20182019/CAR/8480039.png,https://assets.nhle.com/logos/nhl/svg/CAR_light.svg,martinnecas,24,1999-01-15,Nove Mesto na Morave,,CZE,CZE,74,189,2017,CAR,1,12,12
790,8476428,Rocco Grimaldi,NSH,R,https://assets.nhle.com/mugs/nhl/20182019/NSH/8476428.png,https://assets.nhle.com/logos/nhl/svg/NSH_light.svg,roccogrimaldi,30,1993-02-08,Anaheim,CA,USA,USA,66,180,2011,FLA,2,3,33
791,8477458,Valentin Zykov,VGK,L,https://assets.nhle.com/mugs/nhl/20182019/VGK/8477458.png,https://assets.nhle.com/logos/nhl/svg/VGK_light.svg,valentinzykov,28,1995-05-15,St. Petersburg,,RUS,RUS,73,220,2013,L.A,2,7,37
792,8477478,William Carrier,VGK,L,https://assets.nhle.com/mugs/nhl/20182019/VGK/8477478.png,https://assets.nhle.com/logos/nhl/svg/VGK_light.svg,willcarrier,28,1994-12-20,LaSalle,QC,CAN,CAN,74,218,2013,STL,2,27,57
793,8474589,Tyler Ennis,TOR,R,https://assets.nhle.com/mugs/nhl/20182019/TOR/8474589.png,https://assets.nhle.com/logos/nhl/svg/TOR_light.svg,tylerennis,34,1989-10-06,Edmonton,AB,CAN,CAN,69,160,2008,BUF,1,26,26
794,8478136,Jake Middleton,SJS,D,https://assets.nhle.com/mugs/nhl/20182019/SJS/8478136.png,https://assets.nhle.com/logos/nhl/svg/SJS_light.svg,jakemiddleton,27,1996-01-02,Wainwright,AB,CAN,CAN,75,219,2014,L.A,7,30,210
795,8477380,Jonny Brodzinski,LAK,C,https://assets.nhle.com/mugs/nhl/20182019/LAK/8477380.png,https://assets.nhle.com/logos/nhl/svg/LAK_20112012-20182019_light.svg,jonnybrodzinski,30,1993-06-19,Ham Lake,MN,USA,USA,72,212,2013,L.A,5,27,148
796,8475729,Mark Alt,COL,D,https://assets.nhle.com/mugs/nhl/20182019/COL/8475729.png,https://assets.nhle.com/logos/nhl/svg/COL_light.svg,markalt,32,1991-10-18,Kansas City,MO,USA,USA,76,201,2010,CAR,2,23,53
797,8478104,Sammy Blais,STL,L,https://assets.nhle.com/mugs/nhl/20182019/STL/8478104.png,https://assets.nhle.com/logos/nhl/svg/STL_light.svg,samuelblais,27,1996-06-17,Montmagny,QC,CAN,CAN,74,206,2014,STL,6,26,176
798,8476329,Travis Boyd,WSH,C,https://assets.nhle.com/mugs/nhl/20182019/WSH/8476329.png,https://assets.nhle.com/logos/nhl/svg/WSH_light.svg,travisboyd,30,1993-09-14,Hopkins,MN,USA,USA,72,190,2011,WSH,6,26,177
799,8477901,Daniel Carr,VGK,L,https://assets.nhle.com/mugs/nhl/20182019/VGK/8477901.png,https://assets.nhle.com/logos/nhl/svg/VGK_light.svg,dannycarr,32,1991-11-01,Sherwood Park,AB,CAN,CAN,72,186,-,-,-,-,-
800,8478458,John (Jack) Roslovic,WPG,C,https://assets.nhle.com/mugs/nhl/20182019/WPG/8478458.png,https://assets.nhle.com/logos/nhl/svg/WPG_light.svg,jackroslovic,26,1997-01-29,Columbus,OH,USA,USA,73,200,2015,WPG,1,25,25
801,8476278,Colin Blackwell,NSH,C,https://assets.nhle.com/mugs/nhl/20182019/NSH/8476278.png,https://assets.nhle.com/logos/nhl/svg/NSH_light.svg,colinblackwell,30,1993-03-28,Lawrence,MA,USA,USA,69,190,2011,S.J,7,13,193
802,8475268,Gabriel Bourque,COL,L,https://assets.nhle.com/mugs/nhl/20182019/COL/8475268.png,https://assets.nhle.com/logos/nhl/svg/COL_light.svg,gabrielbourque,33,1990-09-23,Rimouski,QC,CAN,CAN,70,206,2009,NSH,5,11,132
803,8479514,Rem Pitlick,NSH,C,https://assets.nhle.com/mugs/nhl/20182019/NSH/8479514.png,https://assets.nhle.com/logos/nhl/svg/NSH_light.svg,rempitlick,26,1997-04-02,Ottawa,ON,CAN,CAN,71,186,2016,NSH,3,15,76
804,8475260,Corban Knight,PHI,C,https://assets.nhle.com/mugs/nhl/20182019/PHI/8475260.png,https://assets.nhle.com/logos/nhl/svg/PHI_19992000-20222023_light.svg,corbanknight,33,1990-09-10,Oliver,BC,CAN,CAN,74,195,2009,FLA,5,14,135
805,8479385,Jordan Kyrou,STL,C,https://assets.nhle.com/mugs/nhl/20182019/STL/8479385.png,https://assets.nhle.com/logos/nhl/svg/STL_light.svg,jordankyrou,25,1998-05-05,Toronto,ON,CAN,CAN,73,196,2016,STL,2,5,35
806,8476922,Boo Nieves,NYR,C,https://assets.nhle.com/mugs/nhl/20182019/NYR/8476922.png,https://assets.nhle.com/logos/nhl/svg/NYR_light.svg,boonieves,29,1994-01-23,Syracuse,NY,USA,USA,75,214,2012,NYR,2,29,59
807,8476439,Brett Ritchie,DAL,R,https://assets.nhle.com/mugs/nhl/20182019/DAL/8476439.png,https://assets.nhle.com/logos/nhl/svg/DAL_20122013-20202021_light.svg,brettritchie,30,1993-07-01,Orangeville,ON,CAN,CAN,76,215,2011,DAL,2,14,44
808,8474722,Luke Witkowski,DET,D,https://assets.nhle.com/mugs/nhl/20182019/DET/8474722.png,https://assets.nhle.com/logos/nhl/svg/DET_light.svg,lukewitkowski,33,1990-04-14,Holland,MI,USA,USA,74,210,2008,T.B,6,9,160
809,8478047,Michael Bunting,ARI,L,https://assets.nhle.com/mugs/nhl/20182019/ARI/8478047.png,https://assets.nhle.com/logos/nhl/svg/ARI_20142015-20202021_light.svg,michaelbunting,28,1995-09-17,Scarborough,ON,CAN,CAN,72,192,2014,ARI,4,27,117
810,8479447,Anthony Greco,FLA,R,https://assets.nhle.com/mugs/nhl/20182019/FLA/8479447.png,https://assets.nhle.com/logos/nhl/svg/FLA_light.svg,anthonygreco,30,1993-09-30,Queens,NY,USA,USA,70,179,-,-,-,-,-
811,8476409,Alan Quine,CGY,C,https://assets.nhle.com/mugs/nhl/20182019/CGY/8476409.png,https://assets.nhle.com/logos/nhl/svg/CGY_19941995-20192020_light.svg,alanquine,30,1993-02-25,Belleville,ON,CAN,CAN,72,203,2013,NYI,6,15,166
812,8478541,Markus Hannikainen,CBJ,L,https://assets.nhle.com/mugs/nhl/20182019/CBJ/8478541.png,https://assets.nhle.com/logos/nhl/svg/CBJ_light.svg,markushannikainen,30,1993-03-26,Helsinki,,FIN,FIN,73,200,-,-,-,-,-
813,8478056,Clark Bishop,CAR,C,https://assets.nhle.com/mugs/nhl/20182019/CAR/8478056.png,https://assets.nhle.com/logos/nhl/svg/CAR_light.svg,clarkbishop,27,1996-03-29,St. John's,NL,CAN,CAN,73,197,2014,CAR,5,7,127
814,8477963,Jayce Hawryluk,FLA,R,https://assets.nhle.com/mugs/nhl/20182019/FLA/8477963.png,https://assets.nhle.com/logos/nhl/svg/FLA_light.svg,jaycehawryluk,27,1996-01-01,Yorkton,SK,CAN,CAN,71,196,2014,FLA,2,2,32
815,8477357,Saku Maenalanen,CAR,R,https://assets.nhle.com/mugs/nhl/20182019/CAR/8477357.png,https://assets.nhle.com/logos/nhl/svg/CAR_light.svg,sakumaenalanen,29,1994-05-29,Kemi,,FIN,FIN,76,214,2013,NSH,5,4,125
816,8478078,Rourke Chartier,SJS,C,https://assets.nhle.com/mugs/nhl/20182019/SJS/8478078.png,https://assets.nhle.com/logos/nhl/svg/SJS_light.svg,rourkechartier,27,1996-04-03,Saskatoon,SK,CAN,CAN,71,190,2014,S.J,5,29,149
817,8479365,Trent Frederic,BOS,C,https://assets.nhle.com/mugs/nhl/20182019/BOS/8479365.png,https://assets.nhle.com/logos/nhl/svg/BOS_20082009-20222023_light.svg,trentfrederic,25,1998-02-11,St. Louis,MO,USA,USA,75,214,2016,BOS,1,29,29
818,8478506,Gabriel Carlsson,CBJ,D,https://assets.nhle.com/mugs/nhl/20182019/CBJ/8478506.png,https://assets.nhle.com/logos/nhl/svg/CBJ_light.svg,gabrielcarlsson,26,1997-01-02,Orebro,,SWE,SWE,77,195,2015,CBJ,1,29,29
819,8477073,Kurtis MacDermid,LAK,L,https://assets.nhle.com/mugs/nhl/20182019/LAK/8477073.png,https://assets.nhle.com/logos/nhl/svg/LAK_20112012-20182019_light.svg,kurtismacdermid,29,1994-03-25,Sauble Beach,ON,CAN,CAN,77,233,-,-,-,-,-
820,8473914,Mark Letestu,CBJ,C,https://assets.nhle.com/mugs/nhl/20182019/CBJ/8473914.png,https://assets.nhle.com/logos/nhl/svg/CBJ_light.svg,markletestu,38,1985-02-04,Elk Point,AB,CAN,CAN,70,195,-,-,-,-,-
821,8478844,Mikhail Vorobyev,PHI,C,https://assets.nhle.com/mugs/nhl/20182019/PHI/8478844.png,https://assets.nhle.com/logos/nhl/svg/PHI_19992000-20222023_light.svg,mikhailvorobyev,26,1997-01-05,Ufa,,RUS,RUS,74,194,2015,PHI,4,13,104
822,8478949,Kole Sherwood,CBJ,R,https://assets.nhle.com/mugs/nhl/20182019/CBJ/8478949.png,https://assets.nhle.com/logos/nhl/svg/CBJ_light.svg,kolesherwood,26,1997-01-22,Columbus,OH,USA,USA,73,212,-,-,-,-,-
823,8476924,Martin Frk,DET,R,https://assets.nhle.com/mugs/nhl/20182019/DET/8476924.png,https://assets.nhle.com/logos/nhl/svg/DET_light.svg,martinfrk,30,1993-10-05,Pelhrimov,,CZE,CZE,73,210,2012,DET,2,19,49
824,8477510,Kerby Rychel,CGY,L,https://assets.nhle.com/mugs/nhl/20182019/CGY/8477510.png,https://assets.nhle.com/logos/nhl/svg/CGY_19941995-20192020_light.svg,kerbyrychel,29,1994-10-07,Torrance,CA,USA,CAN,73,213,2013,CBJ,1,19,19
825,8476806,JT Brown,MIN,R,https://assets.nhle.com/mugs/nhl/20182019/MIN/8476806.png,https://assets.nhle.com/logos/nhl/svg/MIN_light.svg,jtbrown,33,1990-07-02,Burnsville,MN,USA,USA,70,182,-,-,-,-,-
826,8477401,John Hayden,CHI,C,https://assets.nhle.com/mugs/nhl/20182019/CHI/8477401.png,https://assets.nhle.com/logos/nhl/svg/CHI_light.svg,johnhayden,28,1995-02-14,Chicago,IL,USA,USA,75,223,2013,CHI,3,13,74
827,8474627,Jori Lehtera,PHI,C,https://assets.nhle.com/mugs/nhl/20182019/PHI/8474627.png,https://assets.nhle.com/logos/nhl/svg/PHI_19992000-20222023_light.svg,jorilehtera,35,1987-12-23,Helsinki,,FIN,FIN,74,212,2008,STL,3,4,65
828,8480001,Urho Vaakanainen,BOS,D,https://assets.nhle.com/mugs/nhl/20182019/BOS/8480001.png,https://assets.nhle.com/logos/nhl/svg/BOS_20082009-20222023_light.svg,urhovaakanainen,24,1999-01-01,Joensuu,,FIN,FIN,74,200,2017,BOS,1,18,18
829,8479675,Trevor Moore,TOR,L,https://assets.nhle.com/mugs/nhl/20182019/TOR/8479675.png,https://assets.nhle.com/logos/nhl/svg/TOR_light.svg,trevormoore,28,1995-03-31,Thousand Oaks,CA,USA,USA,70,195,-,-,-,-,-
830,8480326,Sheldon Dries,COL,C,https://assets.nhle.com/mugs/nhl/20182019/COL/8480326.png,https://assets.nhle.com/logos/nhl/svg/COL_light.svg,sheldondries,29,1994-04-23,Macomb Township,WI,USA,USA,69,180,-,-,-,-,-
831,8479330,Brandon Gignac,NJD,C,https://assets.nhle.com/mugs/nhl/20182019/NJD/8479330.png,https://assets.nhle.com/logos/nhl/svg/NJD_light.svg,brandongignac,26,1997-11-07,Repentigny,QC,CAN,CAN,71,170,2016,N.J,3,19,80
832,8470543,Chris Kunitz,CHI,L,https://assets.nhle.com/mugs/nhl/20182019/CHI/8470543.png,https://assets.nhle.com/logos/nhl/svg/CHI_light.svg,chriskunitz,44,1979-09-26,Regina,SK,CAN,CAN,72,188,-,-,-,-,-
833,8477962,Brendan Lemieux,NYR,L,https://assets.nhle.com/mugs/nhl/20182019/NYR/8477962.png,https://assets.nhle.com/logos/nhl/svg/NYR_light.svg,brendanlemieux,27,1996-03-15,Denver,CO,USA,USA,73,215,2014,BUF,2,1,31
834,8477973,Vladislav Kamenev,COL,C,https://assets.nhle.com/mugs/nhl/20182019/COL/8477973.png,https://assets.nhle.com/logos/nhl/svg/COL_light.svg,vladislavkamenev,27,1996-08-12,Orsk,,RUS,RUS,74,194,2014,NSH,2,12,42
835,8474610,Zac Dalpe,CBJ,C,https://assets.nhle.com/mugs/nhl/20182019/CBJ/8474610.png,https://assets.nhle.com/logos/nhl/svg/CBJ_light.svg,zacdalpe,34,1989-11-01,Paris,ON,CAN,CAN,74,197,2008,CAR,2,15,45
836,8477919,Frederick Gaudreau,NSH,C,https://assets.nhle.com/mugs/nhl/20182019/NSH/8477919.png,https://assets.nhle.com/logos/nhl/svg/NSH_light.svg,frederickgaudreau,30,1993-05-01,Bromont,QC,CAN,CAN,72,184,-,-,-,-,-
837,8476310,Lukas Sedlak,CBJ,C,https://assets.nhle.com/mugs/nhl/20182019/CBJ/8476310.png,https://assets.nhle.com/logos/nhl/svg/CBJ_light.svg,lukassedlak,30,1993-02-25,Ceské Budejovice,,CZE,CZE,72,205,2011,CBJ,6,7,158
838,8475206,Stefan Elliott,OTT,D,https://assets.nhle.com/mugs/nhl/20182019/OTT/8475206.png,https://assets.nhle.com/logos/nhl/svg/OTT_20072008-20192020_light.svg,stefanelliott,32,1991-01-30,Vancouver,BC,CAN,CAN,73,190,2009,COL,2,19,49
839,8475736,Connor Brickley,NYR,L,https://assets.nhle.com/mugs/nhl/20182019/NYR/8475736.png,https://assets.nhle.com/logos/nhl/svg/NYR_light.svg,connorbrickley,31,1992-02-25,Everett,MA,USA,USA,72,203,2010,FLA,2,20,50
840,8474089,Brad Malone,EDM,C,https://assets.nhle.com/mugs/nhl/20182019/EDM/8474089.png,https://assets.nhle.com/logos/nhl/svg/EDM_20172018-20212022_light.svg,bradmalone,34,1989-05-20,Miramichi,NB,CAN,CAN,74,217,2007,COL,4,14,105
841,8478455,Austin Wagner,LAK,L,https://assets.nhle.com/mugs/nhl/20182019/LAK/8478455.png,https://assets.nhle.com/logos/nhl/svg/LAK_20112012-20182019_light.svg,austinwagner,26,1997-06-23,Calgary,AB,CAN,CAN,73,195,2015,L.A,4,8,99
842,8468611,Matt Hendricks,WPG,C,https://assets.nhle.com/mugs/nhl/20182019/WPG/8468611.png,https://assets.nhle.com/logos/nhl/svg/WPG_light.svg,matthendricks,42,1981-06-17,Blaine,MN,USA,USA,72,211,2000,NSH,5,1,131
843,8479466,Patrick Russell,EDM,R,https://assets.nhle.com/mugs/nhl/20182019/EDM/8479466.png,https://assets.nhle.com/logos/nhl/svg/EDM_20172018-20212022_light.svg,patrussell,30,1993-01-04,Bickenrod,,DNK,DNK,73,203,-,-,-,-,-
844,8472410,Stephen Gionta,NYI,C,https://assets.nhle.com/mugs/nhl/20182019/NYI/8472410.png,https://assets.nhle.com/logos/nhl/svg/NYI_light.svg,stephengionta,40,1983-10-09,Rochester,NY,USA,USA,67,177,-,-,-,-,-
845,8480776,Sheldon Rempal,LAK,R,https://assets.nhle.com/mugs/nhl/20182019/LAK/8480776.png,https://assets.nhle.com/logos/nhl/svg/LAK_20112012-20182019_light.svg,sheldonrempal,28,1995-08-07,Calgary,AB,CAN,CAN,70,165,-,-,-,-,-
846,8477680,Josh Currie,EDM,R,https://assets.nhle.com/mugs/nhl/20182019/EDM/8477680.png,https://assets.nhle.com/logos/nhl/svg/EDM_20172018-20212022_light.svg,joshcurrie,31,1992-10-29,Charlottetown,PE,CAN,CAN,70,172,-,-,-,-,-
847,8479580,Dylan Gambrell,SJS,C,https://assets.nhle.com/mugs/nhl/20182019/SJS/8479580.png,https://assets.nhle.com/logos/nhl/svg/SJS_light.svg,dylangambrell,27,1996-08-26,Bonney Lake,WA,USA,USA,71,185,2016,S.J,2,30,60
848,8476195,Cory Conacher,TBL,C,https://assets.nhle.com/mugs/nhl/20182019/TBL/8476195.png,https://assets.nhle.com/logos/nhl/svg/TBL_light.svg,coryconacher,34,1989-12-14,Burlington,ON,CAN,CAN,68,185,-,-,-,-,-
849,8477426,Nicholas Paul,OTT,L,https://assets.nhle.com/mugs/nhl/20182019/OTT/8477426.png,https://assets.nhle.com/logos/nhl/svg/OTT_20072008-20192020_light.svg,nickpaul,28,1995-03-20,Mississauga,ON,CAN,CAN,75,223,2013,DAL,4,10,101
850,8479402,Jake Bean,CAR,D,https://assets.nhle.com/mugs/nhl/20182019/CAR/8479402.png,https://assets.nhle.com/logos/nhl/svg/CAR_light.svg,jakebean,25,1998-06-09,Calgary,AB,CAN,CAN,73,196,2016,CAR,1,13,13
851,8476966,Gemel Smith,BOS,C,https://assets.nhle.com/mugs/nhl/20182019/BOS/8476966.png,https://assets.nhle.com/logos/nhl/svg/BOS_20082009-20222023_light.svg,gemelsmith,29,1994-04-16,Toronto,ON,CAN,CAN,70,203,2012,DAL,4,13,104
852,8477512,Frederik Gauthier,TOR,C,https://assets.nhle.com/mugs/nhl/20182019/TOR/8477512.png,https://assets.nhle.com/logos/nhl/svg/TOR_light.svg,frederikgauthier,28,1995-04-26,Laval,QC,CAN,CAN,77,239,2013,TOR,1,21,21
853,8477947,Sonny Milano,CBJ,L,https://assets.nhle.com/mugs/nhl/20182019/CBJ/8477947.png,https://assets.nhle.com/logos/nhl/svg/CBJ_light.svg,sonnymilano,27,1996-05-12,Massapequa,NY,USA,USA,72,194,2014,CBJ,1,16,16
854,8478891,Mason Appleton,WPG,C,https://assets.nhle.com/mugs/nhl/20182019/WPG/8478891.png,https://assets.nhle.com/logos/nhl/svg/WPG_light.svg,masonappleton,27,1996-01-15,Green Bay,WI,USA,USA,75,197,2015,WPG,6,17,168
855,8477573,Nathan Walker,WSH,L,https://assets.nhle.com/mugs/nhl/20182019/WSH/8477573.png,https://assets.nhle.com/logos/nhl/svg/WSH_light.svg,nathanwalker,29,1994-02-07,Cardiff,,GBR,AUS,69,187,2014,WSH,3,29,89
856,8479970,Joseph Gambardella,EDM,C,https://assets.nhle.com/mugs/nhl/20182019/EDM/8479970.png,https://assets.nhle.com/logos/nhl/svg/EDM_20172018-20212022_light.svg,josephgambardella,30,1993-12-01,Staten Island,NY,USA,USA,70,200,-,-,-,-,-
857,8474230,Micheal Haley,SJS,L,https://assets.nhle.com/mugs/nhl/20182019/SJS/8474230.png,https://assets.nhle.com/logos/nhl/svg/SJS_light.svg,michealhaley,37,1986-03-30,Guelph,ON,CAN,CAN,71,213,-,-,-,-,-
858,8476907,Mackenzie MacEachern,STL,L,https://assets.nhle.com/mugs/nhl/20182019/STL/8476907.png,https://assets.nhle.com/logos/nhl/svg/STL_light.svg,mackenziemaceachern,29,1994-03-09,Bloomfield Hills,MI,USA,USA,74,193,2012,STL,3,6,67
859,8475325,Jordan Nolan,STL,C,https://assets.nhle.com/mugs/nhl/20182019/STL/8475325.png,https://assets.nhle.com/logos/nhl/svg/STL_light.svg,jordannolan,34,1989-06-23,"Garden River, First Nations",ON,CAN,CAN,75,219,2009,L.A,7,5,186
860,8478561,Andreas Martinsen,CHI,L,https://assets.nhle.com/mugs/nhl/20182019/CHI/8478561.png,https://assets.nhle.com/logos/nhl/svg/CHI_light.svg,andreasmartinsen,33,1990-06-13,Bærum,,NOR,NOR,75,225,-,-,-,-,-
861,8477527,Ross Johnston,NYI,L,https://assets.nhle.com/mugs/nhl/20182019/NYI/8477527.png,https://assets.nhle.com/logos/nhl/svg/NYI_light.svg,rossjohnston,29,1994-02-18,Charlottetown,PE,CAN,CAN,77,230,-,-,-,-,-
862,8475321,Phil Varone,PHI,C,https://assets.nhle.com/mugs/nhl/20182019/PHI/8475321.png,https://assets.nhle.com/logos/nhl/svg/PHI_19992000-20222023_light.svg,philvarone,33,1990-12-04,Vaughan,ON,CAN,CAN,70,193,2009,S.J,5,26,147
863,8475263,Wade Megan,DET,C,https://assets.nhle.com/mugs/nhl/20182019/DET/8475263.png,https://assets.nhle.com/logos/nhl/svg/DET_light.svg,wademegan,33,1990-07-22,Canton,NY,USA,USA,73,191,2009,FLA,5,17,138
864,8480143,Jakub Jerabek,STL,D,https://assets.nhle.com/mugs/nhl/20182019/STL/8480143.png,https://assets.nhle.com/logos/nhl/svg/STL_light.svg,jakubjerabek,32,1991-05-12,Pilsen,,CZE,CZE,71,199,-,-,-,-,-
865,8480954,Jacob Nilsson,CHI,C,https://assets.nhle.com/mugs/nhl/20182019/CHI/8480954.png,https://assets.nhle.com/logos/nhl/svg/CHI_light.svg,jakenilsson,30,1993-10-12,Morrum,,SWE,SWE,70,180,-,-,-,-,-
866,8470740,Lee Stempniak,BOS,R,https://assets.nhle.com/mugs/nhl/20182019/BOS/8470740.png,https://assets.nhle.com/logos/nhl/svg/BOS_20082009-20222023_light.svg,leestempniak,40,1983-02-04,West Seneca,NY,USA,USA,71,195,2003,STL,5,12,148
867,8475461,Andrew Agozzino,COL,L,https://assets.nhle.com/mugs/nhl/20182019/COL/8475461.png,https://assets.nhle.com/logos/nhl/svg/COL_light.svg,andrewagozzino,32,1991-01-03,Kleinburg,ON,CAN,CAN,70,187,-,-,-,-,-
868,8476396,Steven Fogarty,NYR,C,https://assets.nhle.com/mugs/nhl/20182019/NYR/8476396.png,https://assets.nhle.com/logos/nhl/svg/NYR_light.svg,stevenfogarty,30,1993-04-19,Chambersburg,PA,USA,USA,75,204,2011,NYR,3,11,72
869,8477464,Nic Petan,TOR,C,https://assets.nhle.com/mugs/nhl/20182019/TOR/8477464.png,https://assets.nhle.com/logos/nhl/svg/TOR_light.svg,nicpetan,28,1995-03-22,Delta,BC,CAN,CAN,69,175,2013,WPG,2,13,43
870,8475253,Garrett Wilson,PIT,L,https://assets.nhle.com/mugs/nhl/20182019/PIT/8475253.png,https://assets.nhle.com/logos/nhl/svg/PIT_light.svg,garrettwilson,32,1991-03-16,Barrie,ON,CAN,CAN,74,218,2009,FLA,4,16,107
871,8476867,Brendan Gaunce,VAN,C,https://assets.nhle.com/mugs/nhl/20182019/VAN/8476867.png,https://assets.nhle.com/logos/nhl/svg/VAN_20072008-20182019_light.svg,brendangaunce,29,1994-03-25,Sudbury,ON,CAN,CAN,75,219,2012,VAN,1,26,26
872,8479364,Tim Gettinger,NYR,L,https://assets.nhle.com/mugs/nhl/20182019/NYR/8479364.png,https://assets.nhle.com/logos/nhl/svg/NYR_light.svg,timgettinger,25,1998-04-14,Cleveland,OH,USA,USA,78,222,2016,NYR,5,20,141
873,8476323,Max McCormick,OTT,L,https://assets.nhle.com/mugs/nhl/20182019/OTT/8476323.png,https://assets.nhle.com/logos/nhl/svg/OTT_20072008-20192020_light.svg,maxmccormick,31,1992-05-01,De Pere,WI,USA,USA,71,188,2011,OTT,6,20,171
874,8477010,Joseph Blandisi,PIT,C,https://assets.nhle.com/mugs/nhl/20182019/PIT/8477010.png,https://assets.nhle.com/logos/nhl/svg/PIT_light.svg,josephblandisi,29,1994-07-18,Markham,ON,CAN,CAN,72,184,2012,COL,6,11,162
875,8477399,Tyrell Goulbourne,PHI,L,https://assets.nhle.com/mugs/nhl/20182019/PHI/8477399.png,https://assets.nhle.com/logos/nhl/svg/PHI_19992000-20222023_light.svg,tyrellgoulbourne,29,1994-01-26,Edmonton,AB,CAN,CAN,71,195,2013,PHI,3,11,72
876,8474659,Matt Donovan,NSH,D,https://assets.nhle.com/mugs/nhl/20182019/NSH/8474659.png,https://assets.nhle.com/logos/nhl/svg/NSH_light.svg,mattdonovan,33,1990-05-09,Edmond,OK,USA,USA,73,205,2008,NYI,4,5,96
877,8475423,Darren Archibald,OTT,R,https://assets.nhle.com/mugs/nhl/20182019/OTT/8475423.png,https://assets.nhle.com/logos/nhl/svg/OTT_20072008-20192020_light.svg,darrenarchibald,33,1990-02-09,Newmarket,ON,CAN,CAN,75,210,-,-,-,-,-
878,8476545,Kurtis Gabriel,NJD,R,https://assets.nhle.com/mugs/nhl/20182019/NJD/8476545.png,https://assets.nhle.com/logos/nhl/svg/NJD_light.svg,kurtisgabriel,30,1993-04-20,Newmarket,ON,CAN,CAN,76,212,2013,MIN,3,20,81
879,8473492,Matt Beleskey,NYR,L,https://assets.nhle.com/mugs/nhl/20182019/NYR/8473492.png,https://assets.nhle.com/logos/nhl/svg/NYR_light.svg,mattbeleskey,35,1988-06-07,Windsor,ON,CAN,CAN,72,207,2006,ANA,4,19,112
880,8478409,Anthony Richard,NSH,C,https://assets.nhle.com/mugs/nhl/20182019/NSH/8478409.png,https://assets.nhle.com/logos/nhl/svg/NSH_light.svg,anthonyrichard,26,1996-12-20,Trois-Rivieres,QC,CAN,CAN,71,183,2015,NSH,4,9,100
881,8479553,Maxim Mamin,FLA,C,https://assets.nhle.com/mugs/nhl/20182019/FLA/8479553.png,https://assets.nhle.com/logos/nhl/svg/FLA_light.svg,maximmamin,28,1995-01-13,Moscow,,RUS,RUS,74,206,2016,FLA,6,24,175
882,8479772,Zack MacEwen,VAN,R,https://assets.nhle.com/mugs/nhl/20182019/VAN/8479772.png,https://assets.nhle.com/logos/nhl/svg/VAN_20072008-20182019_light.svg,zackmacewen,27,1996-07-08,Charlottetown,PE,CAN,CAN,75,205,-,-,-,-,-
883,8478073,Anton Lindholm,COL,D,https://assets.nhle.com/mugs/nhl/20182019/COL/8478073.png,https://assets.nhle.com/logos/nhl/svg/COL_light.svg,antonlindholm,29,1994-11-29,Skellefteå,,SWE,SWE,71,191,2014,COL,5,24,144
884,8478373,Nikita Soshnikov,STL,R,https://assets.nhle.com/mugs/nhl/20182019/STL/8478373.png,https://assets.nhle.com/logos/nhl/svg/STL_light.svg,nikitasoshnikov,30,1993-10-14,Nizhny Tagil,,RUS,RUS,71,190,-,-,-,-,-
885,8474736,Zac Rinaldo,NSH,C,https://assets.nhle.com/mugs/nhl/20182019/NSH/8474736.png,https://assets.nhle.com/logos/nhl/svg/NSH_light.svg,zacrinaldo,33,1990-06-15,Mississauga,ON,CAN,CAN,70,192,2008,PHI,6,27,178
886,8480082,Justin Kloos,ANA,C,https://assets.nhle.com/mugs/nhl/20182019/ANA/8480082.png,https://assets.nhle.com/logos/nhl/svg/ANA_20132014-20232024_light.svg,justinkloos,30,1993-11-30,Lakeville,MN,USA,USA,69,175,-,-,-,-,-
887,8478268,Jack Rodewald,OTT,R,https://assets.nhle.com/mugs/nhl/20182019/OTT/8478268.png,https://assets.nhle.com/logos/nhl/svg/OTT_20072008-20192020_light.svg,jackrodewald,29,1994-02-14,Calgary,AB,CAN,CAN,74,189,-,-,-,-,-
888,8476415,Kyle Rau,MIN,C,https://assets.nhle.com/mugs/nhl/20182019/MIN/8476415.png,https://assets.nhle.com/logos/nhl/svg/MIN_light.svg,kylerau,31,1992-10-24,Eden Prairie,MN,USA,USA,69,171,2011,FLA,3,30,91
889,8479066,Ryan Lomberg,CGY,L,https://assets.nhle.com/mugs/nhl/20182019/CGY/8479066.png,https://assets.nhle.com/logos/nhl/svg/CGY_19941995-20192020_light.svg,ryanlomberg,29,1994-09-12,Richmond Hill,ON,CAN,CAN,69,187,-,-,-,-,-
890,8478462,Nicolas Roy,CAR,C,https://assets.nhle.com/mugs/nhl/20182019/CAR/8478462.png,https://assets.nhle.com/logos/nhl/svg/CAR_light.svg,nicolasroy,26,1997-02-05,Amos,QC,CAN,CAN,76,202,2015,CAR,4,5,96
891,8478442,Cooper Marody,EDM,C,https://assets.nhle.com/mugs/nhl/20182019/EDM/8478442.png,https://assets.nhle.com/logos/nhl/svg/EDM_20172018-20212022_light.svg,coopermarody,26,1996-12-20,Brighton,MI,USA,USA,72,184,2015,PHI,6,7,158
892,8477448,Marko Dano,COL,C,https://assets.nhle.com/mugs/nhl/20182019/COL/8477448.png,https://assets.nhle.com/logos/nhl/svg/COL_light.svg,markodano,29,1994-11-30,Eisenstadt,,AUT,SVK,71,201,2013,CBJ,1,27,27
893,8480005,Kristian Vesalainen,WPG,L,https://assets.nhle.com/mugs/nhl/20182019/WPG/8480005.png,https://assets.nhle.com/logos/nhl/svg/WPG_light.svg,kristianvesalainen,24,1999-06-01,Helsinki,,FIN,FIN,75,207,2017,WPG,1,24,24
894,8481186,Logan O'Connor,COL,R,https://assets.nhle.com/mugs/nhl/20182019/COL/8481186.png,https://assets.nhle.com/logos/nhl/svg/COL_light.svg,loganoconnor,27,1996-08-14,Missouri City,TX,USA,USA,72,175,-,-,-,-,-
895,8476952,Dominic Toninato,COL,C,https://assets.nhle.com/mugs/nhl/20182019/COL/8476952.png,https://assets.nhle.com/logos/nhl/svg/COL_light.svg,dominictoninato,29,1994-03-09,Duluth,MN,USA,USA,74,191,2012,TOR,5,5,126
896,8471657,Cody McLeod,NSH,L,https://assets.nhle.com/mugs/nhl/20182019/NSH/8471657.png,https://assets.nhle.com/logos/nhl/svg/NSH_light.svg,codymcleod,39,1984-06-26,Binscarth,MB,CAN,CAN,74,204,-,-,-,-,-
897,8478421,A.J. Greer,COL,L,https://assets.nhle.com/mugs/nhl/20182019/COL/8478421.png,https://assets.nhle.com/logos/nhl/svg/COL_light.svg,ajgreer,27,1996-12-14,Joliette,QC,CAN,CAN,75,208,2015,COL,2,9,39
898,8477473,Justin Bailey,PHI,R,https://assets.nhle.com/mugs/nhl/20182019/PHI/8477473.png,https://assets.nhle.com/logos/nhl/svg/PHI_19992000-20222023_light.svg,justinbailey,28,1995-07-01,Buffalo,NY,USA,USA,76,214,2013,BUF,2,22,52
899,8477979,Nicolas Aube-Kubel,PHI,R,https://assets.nhle.com/mugs/nhl/20182019/PHI/8477979.png,https://assets.nhle.com/logos/nhl/svg/PHI_19992000-20222023_light.svg,nicolasaubekubel,27,1996-05-10,Slave Lake,AB,CAN,CAN,72,207,2014,PHI,2,18,48
900,8476423,Reid Boucher,VAN,C,https://assets.nhle.com/mugs/nhl/20182019/VAN/8476423.png,https://assets.nhle.com/logos/nhl/svg/VAN_20072008-20182019_light.svg,reidboucher,30,1993-09-08,Lansing,MI,USA,USA,70,195,2011,N.J,4,8,99
901,8480341,Adam Johnson,PIT,C,https://assets.nhle.com/mugs/nhl/20182019/PIT/8480341.png,https://assets.nhle.com/logos/nhl/svg/PIT_light.svg,adamjohnson,29,1994-06-22,Grand Rapids,MN,USA,USA,72,174,-,-,-,-,-
902,8477508,Curtis Lazar,CGY,C,https://assets.nhle.com/mugs/nhl/20182019/CGY/8477508.png,https://assets.nhle.com/logos/nhl/svg/CGY_19941995-20192020_light.svg,curtislazar,28,1995-02-02,Salmon Arm,BC,CAN,CAN,72,203,2013,OTT,1,17,17
903,8474061,Anthony Peluso,CGY,R,https://assets.nhle.com/mugs/nhl/20182019/CGY/8474061.png,https://assets.nhle.com/logos/nhl/svg/CGY_19941995-20192020_light.svg,anthonypeluso,34,1989-04-18,North York,ON,CAN,CAN,75,225,2007,STL,6,9,160
904,8468001,Derek MacKenzie,FLA,C,https://assets.nhle.com/mugs/nhl/20182019/FLA/8468001.png,https://assets.nhle.com/logos/nhl/svg/FLA_light.svg,derekmackenzie,42,1981-06-11,Sudbury,ON,CAN,CAN,71,177,1999,ATL,5,2,128
905,8469501,Chris Thorburn,STL,R,https://assets.nhle.com/mugs/nhl/20182019/STL/8469501.png,https://assets.nhle.com/logos/nhl/svg/STL_light.svg,christhorburn,40,1983-06-03,Sault Ste. Marie,ON,CAN,CAN,75,235,2001,BUF,2,20,50
